Filename                                                 ReR  ReD  delta                 Q                     Wo  T                     Omega                 Re(fsamp_-1)          Re(fsamp_0)           Re(fsamp_1)           Im(fsamp_-1)           Im(fsamp_0)           Im(fsamp_1)
ReD_3400_delta_0.300_Wo_005_Q_0.001_nRnT_30x150_Kb_3.mat 1700 3400 3.000000000000000e-01 1.000000000000000e-03   5 4.272566008882119e+02 1.470588235294118e-02 5.684485155095837e-05 7.945995868571810e-02 5.684485155096026e-05 -2.338208402796091e-05 5.772993400149247e-14 2.338208402804760e-05 
ReD_3400_delta_0.300_Wo_005_Q_0.002_nRnT_30x150_Kb_3.mat 1700 3400 3.000000000000000e-01 2.000000000000000e-03   5 4.272566008882119e+02 1.470588235294118e-02 1.136896923950674e-04 7.945999724842213e-02 1.136896923950684e-04 -4.676417107963648e-05 1.421976958928142e-17 4.676417107963660e-05 
ReD_3400_delta_0.300_Wo_005_Q_0.003_nRnT_30x150_Kb_3.mat 1700 3400 3.000000000000000e-01 3.000000000000000e-03   5 4.272566008882119e+02 1.470588235294118e-02 1.705345118247434e-04 7.946006151970014e-02 1.705345118247420e-04 -7.014626417874106e-05 7.045844004606726e-21 7.014626417874117e-05 
ReD_3400_delta_0.300_Wo_005_Q_0.004_nRnT_30x150_Kb_3.mat 1700 3400 3.000000000000000e-01 4.000000000000000e-03   5 4.272566008882119e+02 1.470588235294118e-02 2.273792991278044e-04 7.946015149684223e-02 2.273792991277990e-04 -9.352836629165548e-05 -4.022819059460454e-21 9.352836629165618e-05 
ReD_3400_delta_0.300_Wo_005_Q_0.005_nRnT_30x150_Kb_3.mat 1700 3400 3.000000000000000e-01 5.000000000000000e-03   5 4.272566008882119e+02 1.470588235294118e-02 2.842240436002064e-04 7.946026718805441e-02 2.842240436002032e-04 -1.169104806173359e-04 2.530008629295679e-21 1.169104806173366e-04 
ReD_3400_delta_0.300_Wo_005_Q_0.006_nRnT_30x150_Kb_3.mat 1700 3400 3.000000000000000e-01 6.000000000000000e-03   5 4.272566008882119e+02 1.470588235294118e-02 3.410687345286381e-04 7.946040858277467e-02 3.410687345286406e-04 -1.402926098088572e-04 7.062889460359145e-21 1.402926098088570e-04 
ReD_3400_delta_0.300_Wo_005_Q_0.008_nRnT_30x150_Kb_3.mat 1700 3400 3.000000000000000e-01 8.000000000000000e-03   5 4.272566008882119e+02 1.470588235294118e-02 4.547579128230601e-04 7.946076850564185e-02 4.547579128230537e-04 -1.870569261803623e-04 -2.360644525564539e-21 1.870569261803627e-04 
ReD_3400_delta_0.300_Wo_005_Q_0.010_nRnT_30x150_Kb_3.mat 1700 3400 3.000000000000000e-01 1.000000000000000e-02   5 4.272566008882119e+02 1.470588235294118e-02 5.684467481706632e-04 7.946123126185206e-02 5.684467481706633e-04 -2.338213393606963e-04 -2.171874602194715e-20 2.338213393606960e-04 
ReD_3400_delta_0.300_Wo_005_Q_0.020_nRnT_30x150_Kb_3.mat 1700 3400 3.000000000000000e-01 2.000000000000000e-02   5 4.272566008882119e+02 1.470588235294118e-02 1.136882769575596e-03 7.946508762367860e-02 1.136882769575634e-03 -4.676457058789556e-04 -9.988255470219049e-20 4.676457058789517e-04 
ReD_3400_delta_0.300_Wo_005_Q_0.030_nRnT_30x150_Kb_3.mat 1700 3400 3.000000000000000e-01 3.000000000000000e-02   5 4.272566008882119e+02 1.470588235294118e-02 1.705297255983214e-03 7.947151508287259e-02 1.705297255983209e-03 -7.014761461434819e-04 1.866830466076465e-19 7.014761461434840e-04 
ReD_3400_delta_0.300_Wo_005_Q_0.040_nRnT_30x150_Kb_3.mat 1700 3400 3.000000000000000e-01 4.000000000000000e-02   5 4.272566008882119e+02 1.470588235294118e-02 2.273679187543039e-03 7.948051390793454e-02 2.273679187543086e-03 -9.353158075072431e-04 -1.138392271980687e-19 9.353158075072398e-04 
ReD_3400_delta_0.300_Wo_005_Q_0.050_nRnT_30x150_Kb_3.mat 1700 3400 3.000000000000000e-01 5.000000000000000e-02   5 4.272566008882119e+02 1.470588235294118e-02 2.842017242214068e-03 7.949208449463954e-02 2.842017242214094e-03 -1.169167762833649e-03 2.957548413182047e-19 1.169167762833647e-03 
ReD_3400_delta_0.300_Wo_005_Q_0.060_nRnT_30x150_Kb_3.mat 1700 3400 3.000000000000000e-01 6.000000000000000e-02   5 4.272566008882119e+02 1.470588235294118e-02 3.410299976703697e-03 7.950622725599124e-02 3.410299976703633e-03 -1.403035270648653e-03 1.386914224995879e-18 1.403035270648660e-03 
ReD_3400_delta_0.300_Wo_005_Q_0.070_nRnT_30x150_Kb_3.mat 1700 3400 3.000000000000000e-01 7.000000000000001e-02   5 4.272566008882119e+02 1.470588235294118e-02 3.978515183467426e-03 7.952294262937126e-02 3.978515183467432e-03 -1.636921726528581e-03 5.465220371155011e-19 1.636921726528580e-03 
ReD_3400_delta_0.300_Wo_005_Q_0.080_nRnT_30x150_Kb_3.mat 1700 3400 3.000000000000000e-01 8.000000000000000e-02   5 4.272566008882119e+02 1.470588235294118e-02 4.546650324531551e-03 7.954223103339546e-02 4.546650324531690e-03 -1.870830569161345e-03 -3.971006044814359e-18 1.870830569161324e-03 
ReD_3400_delta_0.300_Wo_005_Q_0.090_nRnT_30x150_Kb_3.mat 1700 3400 3.000000000000000e-01 9.000000000000001e-02   5 4.272566008882119e+02 1.470588235294118e-02 5.114692214620666e-03 7.956409281716698e-02 5.114692214620658e-03 -2.104765397851477e-03 2.809803249502965e-18 2.104765397851481e-03 
ReD_3400_delta_0.300_Wo_005_Q_0.100_nRnT_30x150_Kb_3.mat 1700 3400 3.000000000000000e-01 1.000000000000000e-01   5 4.272566008882119e+02 1.470588235294118e-02 5.682626985401237e-03 7.958852821569552e-02 5.682626985401321e-03 -2.338729960556351e-03 2.177333901697031e-18 2.338729960556347e-03 
ReD_3400_delta_0.300_Wo_005_Q_0.150_nRnT_30x150_Kb_3.mat 1700 3400 3.000000000000000e-01 1.500000000000000e-01   5 4.272566008882119e+02 1.470588235294118e-02 8.520151100691905e-03 7.974930259858125e-02 8.520151100691736e-03 -3.509142013634828e-03 9.505256254416086e-18 3.509142013634848e-03 
ReD_3400_delta_0.300_Wo_005_Q_0.200_nRnT_30x150_Kb_3.mat 1700 3400 3.000000000000000e-01 2.000000000000000e-01   5 4.272566008882119e+02 1.470588235294118e-02 1.135238623858066e-02 7.997428006531872e-02 1.135238623858052e-02 -4.680969374842706e-03 2.263733298304518e-17 4.680969374842736e-03 
ReD_3400_delta_0.300_Wo_005_Q_0.250_nRnT_30x150_Kb_3.mat 1700 3400 3.000000000000000e-01 2.500000000000000e-01   5 4.272566008882119e+02 1.470588235294118e-02 1.417626656815276e-02 8.026286949247877e-02 1.417626656815240e-02 -5.854966755157961e-03 2.005039536104421e-17 5.854966755158023e-03 
ReD_3400_delta_0.300_Wo_010_Q_0.001_nRnT_30x150_Kb_3.mat 1700 3400 3.000000000000000e-01 1.000000000000000e-03  10 1.068141502220530e+02 5.882352941176471e-02 5.384020933072808e-05 7.945995971390710e-02 5.384020932958141e-05 -9.593975297365046e-05 -3.993575282508670e-12 9.593975296653299e-05 
ReD_3400_delta_0.300_Wo_010_Q_0.002_nRnT_30x150_Kb_3.mat 1700 3400 3.000000000000000e-01 2.000000000000000e-03  10 1.068141502220530e+02 5.882352941176471e-02 1.076804231256964e-04 7.946000135997668e-02 1.076804231256952e-04 -1.918795039028065e-04 -9.836020510095507e-16 1.918795039028040e-04 
ReD_3400_delta_0.300_Wo_010_Q_0.003_nRnT_30x150_Kb_3.mat 1700 3400 3.000000000000000e-01 3.000000000000000e-03  10 1.068141502220530e+02 5.882352941176471e-02 1.615205821652978e-04 7.946007078111168e-02 1.615205821652975e-04 -2.878192988266238e-04 -7.890622510043804e-20 2.878192988266236e-04 
ReD_3400_delta_0.300_Wo_010_Q_0.005_nRnT_30x150_Kb_3.mat 1700 3400 3.000000000000000e-01 5.000000000000000e-03  10 1.068141502220530e+02 5.882352941176471e-02 2.692008412319101e-04 7.946029291900415e-02 2.692008412319096e-04 -4.796989468931029e-04 1.765469815154583e-20 4.796989468931035e-04 
ReD_3400_delta_0.300_Wo_010_Q_0.010_nRnT_30x150_Kb_3.mat 1700 3400 3.000000000000000e-01 1.000000000000000e-02  10 1.068141502220530e+02 5.882352941176471e-02 5.384004713631208e-04 7.946133416216351e-02 5.384004713631234e-04 -9.593989770373279e-04 6.106879463049174e-20 9.593989770373281e-04 
ReD_3400_delta_0.300_Wo_010_Q_0.050_nRnT_30x150_Kb_3.mat 1700 3400 3.000000000000000e-01 5.000000000000000e-02  10 1.068141502220530e+02 5.882352941176471e-02 2.691805955540732e-03 7.949463736174728e-02 2.691805955540731e-03 -4.797172293758107e-03 -3.031478233269410e-18 4.797172293758084e-03 
ReD_3400_delta_0.300_Wo_010_Q_0.100_nRnT_30x150_Kb_3.mat 1700 3400 3.000000000000000e-01 1.000000000000000e-01  10 1.068141502220530e+02 5.882352941176471e-02 5.382317965893857e-03 7.959847442962439e-02 5.382317965893957e-03 -9.595557167568906e-03 -3.961546037808141e-18 9.595557167568805e-03 
ReD_3400_delta_0.300_Wo_015_Q_0.001_nRnT_30x150_Kb_3.mat 1700 3400 3.000000000000000e-01 1.000000000000000e-03  15 4.747295565424576e+01 1.323529411764706e-01 5.220950015132341e-05 7.945995845927770e-02 5.220950015443463e-05 -2.222781100514969e-04 4.656481703081884e-12 2.222781100589535e-04 
ReD_3400_delta_0.300_Wo_015_Q_0.002_nRnT_30x150_Kb_3.mat 1700 3400 3.000000000000000e-01 2.000000000000000e-03  15 4.747295565424576e+01 1.323529411764706e-01 1.044189893275138e-04 7.945999634387137e-02 1.044189893275138e-04 -4.445562818526744e-04 9.937959050892477e-18 4.445562818526736e-04 
ReD_3400_delta_0.300_Wo_015_Q_0.003_nRnT_30x150_Kb_3.mat 1700 3400 3.000000000000000e-01 3.000000000000000e-03  15 4.747295565424576e+01 1.323529411764706e-01 1.566284435801067e-04 7.946005948668103e-02 1.566284435801066e-04 -6.668345169877479e-04 3.985684059262513e-21 6.668345169877480e-04 
ReD_3400_delta_0.300_Wo_015_Q_0.004_nRnT_30x150_Kb_3.mat 1700 3400 3.000000000000000e-01 4.000000000000000e-03  15 4.747295565424576e+01 1.323529411764706e-01 2.088378494922838e-04 7.946014789290701e-02 2.088378494922841e-04 -8.891128656186960e-04 -6.252739442928130e-21 8.891128656186961e-04 
ReD_3400_delta_0.300_Wo_015_Q_0.005_nRnT_30x150_Kb_3.mat 1700 3400 3.000000000000000e-01 5.000000000000000e-03  15 4.747295565424576e+01 1.323529411764706e-01 2.610471907287880e-04 7.946026156047391e-02 2.610471907287898e-04 -1.111391363622239e-03 2.180539012910894e-20 1.111391363622234e-03 
ReD_3400_delta_0.300_Wo_015_Q_0.006_nRnT_30x150_Kb_3.mat 1700 3400 3.000000000000000e-01 6.000000000000000e-03  15 4.747295565424576e+01 1.323529411764706e-01 3.132564523490115e-04 7.946040051512634e-02 3.132564523490121e-04 -1.333670054034261e-03 3.666801383056388e-21 1.333670054034261e-03 
ReD_3400_delta_0.300_Wo_015_Q_0.008_nRnT_30x150_Kb_3.mat 1700 3400 3.000000000000000e-01 8.000000000000000e-03  15 4.747295565424576e+01 1.323529411764706e-01 4.176746685442591e-04 7.946075423095135e-02 4.176746685442599e-04 -1.778228138560420e-03 5.319753370107998e-20 1.778228138560413e-03 
ReD_3400_delta_0.300_Wo_015_Q_0.010_nRnT_30x150_Kb_3.mat 1700 3400 3.000000000000000e-01 1.000000000000000e-02  15 4.747295565424576e+01 1.323529411764706e-01 5.220923751187645e-04 7.946120910957429e-02 5.220923751187649e-04 -2.222787414301335e-03 1.533773142937059e-20 2.222787414301333e-03 
ReD_3400_delta_0.300_Wo_015_Q_0.020_nRnT_30x150_Kb_3.mat 1700 3400 3.000000000000000e-01 2.000000000000000e-02  15 4.747295565424576e+01 1.323529411764706e-01 1.044169071925087e-03 7.946500466835224e-02 1.044169071925077e-03 -4.445611701547483e-03 -1.388660992120940e-19 4.445611701547486e-03 
ReD_3400_delta_0.300_Wo_015_Q_0.030_nRnT_30x150_Kb_3.mat 1700 3400 3.000000000000000e-01 3.000000000000000e-02  15 4.747295565424576e+01 1.323529411764706e-01 1.566215073718205e-03 7.947134879399594e-02 1.566215073718203e-03 -6.668506519388961e-03 -4.386648906386679e-19 6.668506519388949e-03 
ReD_3400_delta_0.300_Wo_015_Q_0.040_nRnT_30x150_Kb_3.mat 1700 3400 3.000000000000000e-01 4.000000000000000e-02  15 4.747295565424576e+01 1.323529411764706e-01 2.088218604369003e-03 7.948026697498722e-02 2.088218604368996e-03 -8.891498323432214e-03 -6.594521442397662e-19 8.891498323432201e-03 
ReD_3400_delta_0.300_Wo_015_Q_0.050_nRnT_30x150_Kb_3.mat 1700 3400 3.000000000000000e-01 5.000000000000000e-02  15 4.747295565424576e+01 1.323529411764706e-01 2.610169457048912e-03 7.949178959904142e-02 2.610169457048899e-03 -1.111460388763593e-02 3.268796784769808e-19 1.111460388763594e-02 
ReD_3400_delta_0.300_Wo_015_Q_0.060_nRnT_30x150_Kb_3.mat 1700 3400 3.000000000000000e-01 6.000000000000000e-02  15 4.747295565424576e+01 1.323529411764706e-01 3.132062760508981e-03 7.950594834619680e-02 3.132062760508978e-03 -1.333783012354400e-02 -2.113165071810274e-20 1.333783012354405e-02 
ReD_3400_delta_0.300_Wo_015_Q_0.070_nRnT_30x150_Kb_3.mat 1700 3400 3.000000000000000e-01 7.000000000000001e-02  15 4.747295565424576e+01 1.323529411764706e-01 3.653883481812740e-03 7.952277748282416e-02 3.653883481812764e-03 -1.556116295590151e-02 2.491967800529994e-18 1.556116295590150e-02 
ReD_3400_delta_0.300_Wo_020_Q_0.001_nRnT_30x150_Kb_3.mat 1700 3400 3.000000000000000e-01 1.000000000000000e-03  20 2.670353755551324e+01 2.352941176470588e-01 5.369682767535134e-05 7.945995502728569e-02 5.369682767544696e-05 -3.969524459270685e-04 5.987752724418861e-14 3.969524459270757e-04 
ReD_3400_delta_0.300_Wo_020_Q_0.002_nRnT_30x150_Kb_3.mat 1700 3400 3.000000000000000e-01 2.000000000000000e-03  20 2.670353755551324e+01 2.352941176470588e-01 1.073938629202563e-04 7.945998261940203e-02 1.073938629202597e-04 -7.939047852404284e-04 5.191301602856522e-16 7.939047852404292e-04 
ReD_3400_delta_0.300_Wo_020_Q_0.003_nRnT_30x150_Kb_3.mat 1700 3400 3.000000000000000e-01 3.000000000000000e-03  20 2.670353755551324e+01 2.352941176470588e-01 1.610913126978608e-04 7.946002862254746e-02 1.610913126978626e-04 -1.190856911574278e-03 4.243490747548016e-19 1.190856911574278e-03 
ReD_3400_delta_0.300_Wo_020_Q_0.004_nRnT_30x150_Kb_3.mat 1700 3400 3.000000000000000e-01 4.000000000000000e-03  20 2.670353755551324e+01 2.352941176470588e-01 2.147893842742771e-04 7.946009305158094e-02 2.147893842742770e-04 -1.587808717762666e-03 4.157847861598181e-21 1.587808717762667e-03 
ReD_3400_delta_0.300_Wo_020_Q_0.005_nRnT_30x150_Kb_3.mat 1700 3400 3.000000000000000e-01 5.000000000000000e-03  20 2.670353755551324e+01 2.352941176470588e-01 2.684882770914730e-04 7.946017597321893e-02 2.684882770914720e-04 -1.984760102558381e-03 -5.193329108795998e-21 1.984760102558380e-03 
ReD_3400_delta_0.300_Wo_020_Q_0.006_nRnT_30x150_Kb_3.mat 1700 3400 3.000000000000000e-01 6.000000000000000e-03  20 2.670353755551324e+01 2.352941176470588e-01 3.221882081855940e-04 7.946027738373564e-02 3.221882081856003e-04 -2.381710948005626e-03 5.730067463149140e-20 2.381710948005627e-03 
ReD_3400_delta_0.300_Wo_020_Q_0.008_nRnT_30x150_Kb_3.mat 1700 3400 3.000000000000000e-01 8.000000000000000e-03  20 2.670353755551324e+01 2.352941176470588e-01 4.295920018146900e-04 7.946053602203251e-02 4.295920018146932e-04 -3.175610654530711e-03 1.744069289502743e-20 3.175610654530715e-03 
ReD_3400_delta_0.300_Wo_020_Q_0.010_nRnT_30x150_Kb_3.mat 1700 3400 3.000000000000000e-01 1.000000000000000e-02  20 2.670353755551324e+01 2.352941176470588e-01 5.370020494031263e-04 7.946086949964302e-02 5.370020494031294e-04 -3.969507066040792e-03 7.040005637436294e-20 3.969507066040795e-03 
ReD_3400_delta_0.300_Wo_020_Q_0.020_nRnT_30x150_Kb_3.mat 1700 3400 3.000000000000000e-01 2.000000000000000e-02  20 2.670353755551324e+01 2.352941176470588e-01 1.074199664290909e-03 7.946368757362687e-02 1.074199664290891e-03 -7.938909813611800e-03 -2.868826758685916e-19 7.938909813611793e-03 
ReD_3400_delta_0.300_Wo_020_Q_0.030_nRnT_30x150_Kb_3.mat 1700 3400 3.000000000000000e-01 3.000000000000000e-02  20 2.670353755551324e+01 2.352941176470588e-01 1.611741995359044e-03 7.946852727501059e-02 1.611741995359081e-03 -1.190811809622968e-02 1.329204590159363e-18 1.190811809622970e-02 
ReD_3400_delta_0.300_Wo_020_Q_0.040_nRnT_30x150_Kb_3.mat 1700 3400 3.000000000000000e-01 4.000000000000000e-02  20 2.670353755551324e+01 2.352941176470588e-01 2.149695798296904e-03 7.947555404721575e-02 2.149695798296931e-03 -1.587707912406328e-02 1.528218405273251e-18 1.587707912406330e-02 
ReD_3400_delta_0.300_Wo_021_Q_0.001_nRnT_30x150_Kb_3.mat 1700 3400 3.000000000000000e-01 1.000000000000000e-03  21 2.422089574196212e+01 2.594117647058823e-01 5.466174544544851e-05 7.945995504006255e-02 5.466174544548003e-05 -4.379631883684593e-04 5.044104764103835e-14 4.379631883684161e-04 
ReD_3400_delta_0.300_Wo_021_Q_0.002_nRnT_30x150_Kb_3.mat 1700 3400 3.000000000000000e-01 2.000000000000000e-03  21 2.422089574196212e+01 2.594117647058823e-01 1.093236457898463e-04 7.945998267204889e-02 1.093236457898449e-04 -8.759261218718156e-04 4.070474513404169e-17 8.759261218718151e-04 
ReD_3400_delta_0.300_Wo_021_Q_0.003_nRnT_30x150_Kb_3.mat 1700 3400 3.000000000000000e-01 3.000000000000000e-03  21 2.422089574196212e+01 2.594117647058823e-01 1.639858555764259e-04 7.946002874636553e-02 1.639858555764247e-04 -1.313888546443559e-03 3.790105325598700e-21 1.313888546443558e-03 
ReD_3400_delta_0.300_Wo_022_Q_0.001_nRnT_30x150_Kb_3.mat 1700 3400 3.000000000000000e-01 1.000000000000000e-03  22 2.206903930207706e+01 2.847058823529412e-01 5.605611498237661e-05 7.945995565984589e-02 5.605611498232693e-05 -4.803818803244831e-04 4.137150848781639e-14 4.803818803244422e-04 
ReD_3400_delta_0.300_Wo_022_Q_0.002_nRnT_30x150_Kb_3.mat 1700 3400 3.000000000000000e-01 2.000000000000000e-03  22 2.206903930207706e+01 2.847058823529412e-01 1.121122299241434e-04 7.945998515306407e-02 1.121122299241437e-04 -9.607633863799019e-04 1.018245944665577e-17 9.607633863799011e-04 
ReD_3400_delta_0.300_Wo_022_Q_0.003_nRnT_30x150_Kb_3.mat 1700 3400 3.000000000000000e-01 3.000000000000000e-03  22 2.206903930207706e+01 2.847058823529412e-01 1.681683450105526e-04 7.946003433545558e-02 1.681683450105513e-04 -1.441144145057969e-03 -1.462170187775026e-20 1.441144145057969e-03 
ReD_3400_delta_0.300_Wo_023_Q_0.001_nRnT_30x150_Kb_3.mat 1700 3400 3.000000000000000e-01 1.000000000000000e-03  23 2.019171081702325e+01 3.111764705882353e-01 5.734402337480768e-05 7.945995696597566e-02 5.734402337478519e-05 -5.239341423534672e-04 7.847517096045306e-15 5.239341423534697e-04 
ReD_3400_delta_0.300_Wo_023_Q_0.002_nRnT_30x150_Kb_3.mat 1700 3400 3.000000000000000e-01 2.000000000000000e-03  23 2.019171081702325e+01 3.111764705882353e-01 1.146878461052755e-04 7.945999037906649e-02 1.146878461052768e-04 -1.047867884562465e-03 1.939520271567306e-18 1.047867884562463e-03 
ReD_3400_delta_0.300_Wo_023_Q_0.003_nRnT_30x150_Kb_3.mat 1700 3400 3.000000000000000e-01 3.000000000000000e-03  23 2.019171081702325e+01 3.111764705882353e-01 1.720312690168735e-04 7.946004610148422e-02 1.720312690168747e-04 -1.571800827006663e-03 1.738120406884387e-21 1.571800827006662e-03 
ReD_3400_delta_0.300_Wo_024_Q_0.001_nRnT_30x150_Kb_3.mat 1700 3400 3.000000000000000e-01 1.000000000000000e-03  24 1.854412330243975e+01 3.388235294117647e-01 5.790117263677371e-05 7.945995885849361e-02 5.790117263354177e-05 -5.688723210555688e-04 1.085722824683688e-12 5.688723210583826e-04 
ReD_3400_delta_0.300_Wo_024_Q_0.002_nRnT_30x150_Kb_3.mat 1700 3400 3.000000000000000e-01 2.000000000000000e-03  24 1.854412330243975e+01 3.388235294117647e-01 1.158018144041958e-04 7.945999794025621e-02 1.158018144041973e-04 -1.137744186252840e-03 8.144718645166212e-17 1.137744186252838e-03 
ReD_3400_delta_0.300_Wo_024_Q_0.003_nRnT_30x150_Kb_3.mat 1700 3400 3.000000000000000e-01 3.000000000000000e-03  24 1.854412330243975e+01 3.388235294117647e-01 1.737013940920674e-04 7.946006312340015e-02 1.737013940920684e-04 -1.706615146754291e-03 4.392514854488981e-21 1.706615146754291e-03 
ReD_3400_delta_0.300_Wo_025_Q_0.001_nRnT_30x150_Kb_3.mat 1700 3400 3.000000000000000e-01 1.000000000000000e-03  25 1.709026403552847e+01 3.676470588235294e-01 5.745922550898175e-05 7.945996097943969e-02 5.745922550899783e-05 -6.158594226324330e-04 -1.519145786323186e-14 6.158594226323592e-04 
ReD_3400_delta_0.300_Wo_025_Q_0.002_nRnT_30x150_Kb_3.mat 1700 3400 3.000000000000000e-01 2.000000000000000e-03  25 1.709026403552847e+01 3.676470588235294e-01 1.149175812199020e-04 7.946000642781366e-02 1.149175812199008e-04 -1.231718746553560e-03 -1.222163695665074e-17 1.231718746553562e-03 
ReD_3400_delta_0.300_Wo_025_Q_0.003_nRnT_30x150_Kb_3.mat 1700 3400 3.000000000000000e-01 3.000000000000000e-03  25 1.709026403552847e+01 3.676470588235294e-01 1.723741987164837e-04 7.946008219353616e-02 1.723741987164838e-04 -1.847577873332059e-03 6.090808271242102e-21 1.847577873332061e-03 
ReD_3400_delta_0.300_Wo_025_Q_0.004_nRnT_30x150_Kb_3.mat 1700 3400 3.000000000000000e-01 4.000000000000000e-03  25 1.709026403552847e+01 3.676470588235294e-01 2.298282342890337e-04 7.946018828876084e-02 2.298282342890330e-04 -2.463436703566726e-03 3.842504898044759e-21 2.463436703566726e-03 
ReD_3400_delta_0.300_Wo_025_Q_0.005_nRnT_30x150_Kb_3.mat 1700 3400 3.000000000000000e-01 5.000000000000000e-03  25 1.709026403552847e+01 3.676470588235294e-01 2.872787604651139e-04 7.946032479184957e-02 2.872787604651133e-04 -3.079295144965969e-03 -1.407775864091197e-20 3.079295144965967e-03 
ReD_3400_delta_0.300_Wo_025_Q_0.006_nRnT_30x150_Kb_3.mat 1700 3400 3.000000000000000e-01 6.000000000000000e-03  25 1.709026403552847e+01 3.676470588235294e-01 3.447252005370714e-04 7.946049169134335e-02 3.447252005370728e-04 -3.695153052594119e-03 2.110092995739843e-21 3.695153052594117e-03 
ReD_3400_delta_0.300_Wo_025_Q_0.008_nRnT_30x150_Kb_3.mat 1700 3400 3.000000000000000e-01 8.000000000000000e-03  25 1.709026403552847e+01 3.676470588235294e-01 4.596019766499276e-04 7.946091699004063e-02 4.596019766499294e-04 -4.926866982610672e-03 -1.058768721569824e-19 4.926866982610663e-03 
ReD_3400_delta_0.300_Wo_025_Q_0.010_nRnT_30x150_Kb_3.mat 1700 3400 3.000000000000000e-01 1.000000000000000e-02  25 1.709026403552847e+01 3.676470588235294e-01 5.744511247084001e-04 7.946146477408431e-02 5.744511247083979e-04 -6.158578714034532e-03 8.112275280732870e-20 6.158578714034536e-03 
ReD_3400_delta_0.300_Wo_025_Q_0.020_nRnT_30x150_Kb_3.mat 1700 3400 3.000000000000000e-01 2.000000000000000e-02  25 1.709026403552847e+01 3.676470588235294e-01 1.148102886715919e-03 7.946606289678443e-02 1.148102886715920e-03 -1.231707885709793e-02 7.885405310402137e-20 1.231707885709794e-02 
ReD_3400_delta_0.300_Wo_026_Q_0.001_nRnT_30x150_Kb_3.mat 1700 3400 3.000000000000000e-01 1.000000000000000e-03  26 1.580090979616168e+01 3.976470588235294e-01 5.627744460816738e-05 7.945996268001983e-02 5.627744460818394e-05 -6.655913919982590e-04 7.186424451418215e-15 6.655913919983000e-04 
ReD_3400_delta_0.300_Wo_026_Q_0.002_nRnT_30x150_Kb_3.mat 1700 3400 3.000000000000000e-01 2.000000000000000e-03  26 1.580090979616168e+01 3.976470588235294e-01 1.125538935798788e-04 7.946001321760719e-02 1.125538935798783e-04 -1.331183057025342e-03 1.764606285670610e-18 1.331183057025342e-03 
ReD_3400_delta_0.300_Wo_026_Q_0.003_nRnT_30x150_Kb_3.mat 1700 3400 3.000000000000000e-01 3.000000000000000e-03  26 1.580090979616168e+01 3.976470588235294e-01 1.688283556555933e-04 7.946009742235025e-02 1.688283556555921e-04 -1.996775269448562e-03 6.028126291337105e-21 1.996775269448562e-03 
ReD_3400_delta_0.300_Wo_027_Q_0.001_nRnT_30x150_Kb_3.mat 1700 3400 3.000000000000000e-01 1.000000000000000e-03  27 1.465214680686598e+01 4.288235294117647e-01 5.503002782955794e-05 7.945996337886616e-02 5.503002782955978e-05 -7.184643393391274e-04 3.765787177815150e-16 7.184643393391291e-04 
ReD_3400_delta_0.300_Wo_027_Q_0.002_nRnT_30x150_Kb_3.mat 1700 3400 3.000000000000000e-01 2.000000000000000e-03  27 1.465214680686598e+01 4.288235294117647e-01 1.100590941337177e-04 7.946001598634909e-02 1.100590941337177e-04 -1.436929597186206e-03 3.331171604350169e-20 1.436929597186206e-03 
ReD_3400_delta_0.300_Wo_027_Q_0.003_nRnT_30x150_Kb_3.mat 1700 3400 3.000000000000000e-01 3.000000000000000e-03  27 1.465214680686598e+01 4.288235294117647e-01 1.650862448131956e-04 7.946010355172611e-02 1.650862448131975e-04 -2.155396688622756e-03 -4.634072655469049e-21 2.155396688622757e-03 
ReD_3400_delta_0.300_Wo_028_Q_0.001_nRnT_30x150_Kb_3.mat 1700 3400 3.000000000000000e-01 1.000000000000000e-03  28 1.362425385485369e+01 4.611764705882353e-01 5.458508474765764e-05 7.945996306061699e-02 5.458508474765401e-05 -7.743732919257646e-04 -4.676267321842062e-16 7.743732919257641e-04 
ReD_3400_delta_0.300_Wo_028_Q_0.002_nRnT_30x150_Kb_3.mat 1700 3400 3.000000000000000e-01 2.000000000000000e-03  28 1.362425385485369e+01 4.611764705882353e-01 1.091701147896828e-04 7.946001470447184e-02 1.091701147896837e-04 -1.548748036508416e-03 -4.327090451792205e-20 1.548748036508416e-03 
ReD_3400_delta_0.300_Wo_028_Q_0.003_nRnT_30x150_Kb_3.mat 1700 3400 3.000000000000000e-01 3.000000000000000e-03  28 1.362425385485369e+01 4.611764705882353e-01 1.637550371772583e-04 7.946010063163439e-02 1.637550371772596e-04 -2.323125674594565e-03 -2.272416221153462e-20 2.323125674594565e-03 
ReD_3400_delta_0.300_Wo_029_Q_0.001_nRnT_30x150_Kb_3.mat 1700 3400 3.000000000000000e-01 1.000000000000000e-03  29 1.270085020476254e+01 4.947058823529412e-01 5.567236835290726e-05 7.945996237939186e-02 5.567236835291529e-05 -8.325547535688353e-04 1.120307383653714e-15 8.325547535688305e-04 
ReD_3400_delta_0.300_Wo_029_Q_0.002_nRnT_30x150_Kb_3.mat 1700 3400 3.000000000000000e-01 2.000000000000000e-03  29 1.270085020476254e+01 4.947058823529412e-01 1.113456170763793e-04 7.946001200140880e-02 1.113456170763778e-04 -1.665110109312466e-03 9.207023380744943e-20 1.665110109312465e-03 
ReD_3400_delta_0.300_Wo_029_Q_0.003_nRnT_30x150_Kb_3.mat 1700 3400 3.000000000000000e-01 3.000000000000000e-03  29 1.270085020476254e+01 4.947058823529412e-01 1.670206191761158e-04 7.946009462913377e-02 1.670206191761154e-04 -2.497666669522098e-03 1.617274614604865e-20 2.497666669522098e-03 
ReD_3400_delta_0.300_Wo_030_Q_0.001_nRnT_30x150_Kb_3.mat 1700 3400 3.000000000000000e-01 1.000000000000000e-03  30 1.186823891356144e+01 5.294117647058824e-01 5.828323364268933e-05 7.945996238661535e-02 5.828323364268960e-05 -8.917007284230759e-04 4.644382423821365e-17 8.917007284230759e-04 
ReD_3400_delta_0.300_Wo_030_Q_0.002_nRnT_30x150_Kb_3.mat 1700 3400 3.000000000000000e-01 2.000000000000000e-03  30 1.186823891356144e+01 5.294117647058824e-01 1.165669854415681e-04 7.946001204068821e-02 1.165669854415677e-04 -1.783401077604025e-03 1.760266409337340e-21 1.783401077604025e-03 
ReD_3400_delta_0.300_Wo_030_Q_0.003_nRnT_30x150_Kb_3.mat 1700 3400 3.000000000000000e-01 3.000000000000000e-03  30 1.186823891356144e+01 5.294117647058824e-01 1.748517749327344e-04 7.946009475633593e-02 1.748517749327345e-04 -2.675100672581639e-03 6.794253097905335e-21 2.675100672581639e-03 
ReD_3400_delta_0.300_Wo_030_Q_0.004_nRnT_30x150_Kb_3.mat 1700 3400 3.000000000000000e-01 4.000000000000000e-03  30 1.186823891356144e+01 5.294117647058824e-01 2.331380931114423e-04 7.946021048319139e-02 2.331380931114437e-04 -3.566799124344181e-03 -4.377299016019471e-20 3.566799124344182e-03 
ReD_3400_delta_0.300_Wo_030_Q_0.005_nRnT_30x150_Kb_3.mat 1700 3400 3.000000000000000e-01 5.000000000000000e-03  30 1.186823891356144e+01 5.294117647058824e-01 2.914265596787118e-04 7.946035911044222e-02 2.914265596787159e-04 -4.458496146610068e-03 -3.752029630926531e-20 4.458496146610069e-03 
ReD_3400_delta_0.300_Wo_030_Q_0.006_nRnT_30x150_Kb_3.mat 1700 3400 3.000000000000000e-01 6.000000000000000e-03  30 1.186823891356144e+01 5.294117647058824e-01 3.497172096239976e-04 7.946054054379342e-02 3.497172096239966e-04 -5.350191152958594e-03 4.736366043669478e-21 5.350191152958592e-03 
ReD_3400_delta_0.300_Wo_030_Q_0.008_nRnT_30x150_Kb_3.mat 1700 3400 3.000000000000000e-01 8.000000000000000e-03  30 1.186823891356144e+01 5.294117647058824e-01 4.663090218174015e-04 7.946100130657580e-02 4.663090218174030e-04 -7.133573484274601e-03 -6.766816575107734e-20 7.133573484274599e-03 
ReD_3400_delta_0.300_Wo_030_Q_0.010_nRnT_30x150_Kb_3.mat 1700 3400 3.000000000000000e-01 1.000000000000000e-02  30 1.186823891356144e+01 5.294117647058824e-01 5.829167666061912e-04 7.946159143443216e-02 5.829167666062003e-04 -8.916943365075222e-03 -1.276409498169654e-19 8.916943365075225e-03 
ReD_3400_delta_0.300_Wo_030_Q_0.020_nRnT_30x150_Kb_3.mat 1700 3400 3.000000000000000e-01 2.000000000000000e-02  30 1.186823891356144e+01 5.294117647058824e-01 1.166317580869733e-03 7.946641305759292e-02 1.166317580869735e-03 -1.783347613769726e-02 2.376903852802561e-19 1.783347613769724e-02 
ReD_3400_delta_0.300_Wo_030_Q_0.030_nRnT_30x150_Kb_3.mat 1700 3400 3.000000000000000e-01 3.000000000000000e-02  30 1.186823891356144e+01 5.294117647058824e-01 1.750564031236892e-03 7.947410037508650e-02 1.750564031236897e-03 -2.674914042635267e-02 -8.684060488439531e-20 2.674914042635268e-02 
ReD_3400_delta_0.300_Wo_031_Q_0.001_nRnT_30x150_Kb_3.mat 1700 3400 3.000000000000000e-01 1.000000000000000e-03  31 1.111489596483382e+01 5.652941176470588e-01 6.131803916249464e-05 7.945996453443734e-02 6.131803916249528e-05 -9.507375404446828e-04 -1.655315229672673e-21 9.507375404446822e-04 
ReD_3400_delta_0.300_Wo_031_Q_0.002_nRnT_30x150_Kb_3.mat 1700 3400 3.000000000000000e-01 2.000000000000000e-03  31 1.111489596483382e+01 5.652941176470588e-01 1.226354878614399e-04 7.946002070342913e-02 1.226354878614391e-04 -1.901474380377903e-03 2.399949717311353e-21 1.901474380377902e-03 
ReD_3400_delta_0.300_Wo_031_Q_0.003_nRnT_30x150_Kb_3.mat 1700 3400 3.000000000000000e-01 3.000000000000000e-03  31 1.111489596483382e+01 5.652941176470588e-01 1.839517584707767e-04 7.946011428283656e-02 1.839517584707766e-04 -2.852209816397193e-03 2.309340797402204e-20 2.852209816397193e-03 
ReD_3400_delta_0.300_Wo_032_Q_0.001_nRnT_30x150_Kb_3.mat 1700 3400 3.000000000000000e-01 1.000000000000000e-03  32 1.043106935762236e+01 6.023529411764705e-01 6.259946173181157e-05 7.945997113815581e-02 6.259946173181046e-05 -1.009056986527412e-03 -1.676026147800681e-21 1.009056986527412e-03 
ReD_3400_delta_0.300_Wo_032_Q_0.002_nRnT_30x150_Kb_3.mat 1700 3400 3.000000000000000e-01 2.000000000000000e-03  32 1.043106935762236e+01 6.023529411764705e-01 1.251968795855110e-04 7.946004706622449e-02 1.251968795855106e-04 -2.018115046520156e-03 1.147071971958100e-20 2.018115046520157e-03 
ReD_3400_delta_0.300_Wo_032_Q_0.003_nRnT_30x150_Kb_3.mat 1700 3400 3.000000000000000e-01 3.000000000000000e-03  32 1.043106935762236e+01 6.023529411764705e-01 1.877902186723656e-04 7.946017355279596e-02 1.877902186723670e-04 -3.027175260548153e-03 9.007000190377342e-21 3.027175260548153e-03 
ReD_3400_delta_0.300_Wo_033_Q_0.001_nRnT_30x150_Kb_3.mat 1700 3400 3.000000000000000e-01 1.000000000000000e-03  33 9.808461912034248e+00 6.405882352941177e-01 5.838133524515104e-05 7.945996977083800e-02 5.838133524515054e-05 -1.071874120893497e-03 -2.367721507111677e-22 1.071874120893497e-03 
ReD_3400_delta_0.300_Wo_033_Q_0.002_nRnT_30x150_Kb_3.mat 1700 3400 3.000000000000000e-01 2.000000000000000e-03  33 9.808461912034248e+00 6.405882352941177e-01 1.167618918846607e-04 7.946004161082150e-02 1.167618918846625e-04 -2.143749842865414e-03 1.370737873717372e-21 2.143749842865412e-03 
ReD_3400_delta_0.300_Wo_033_Q_0.003_nRnT_30x150_Kb_3.mat 1700 3400 3.000000000000000e-01 3.000000000000000e-03  33 9.808461912034248e+00 6.405882352941177e-01 1.751408984596769e-04 7.946016140248026e-02 1.751408984596770e-04 -3.215628773933227e-03 -7.149371660765016e-21 3.215628773933225e-03 
ReD_3400_delta_0.300_Wo_034_Q_0.001_nRnT_30x150_Kb_3.mat 1700 3400 3.000000000000000e-01 1.000000000000000e-03  34 9.239978392911155e+00 6.800000000000000e-01 5.874884464665320e-05 7.945995516635079e-02 5.874884464665234e-05 -1.141233589716307e-03 3.156548830679474e-22 1.141233589716307e-03 
ReD_3400_delta_0.300_Wo_034_Q_0.002_nRnT_30x150_Kb_3.mat 1700 3400 3.000000000000000e-01 2.000000000000000e-03  34 9.239978392911155e+00 6.800000000000000e-01 1.174964465739620e-04 7.945998319209684e-02 1.174964465739618e-04 -2.282468915403187e-03 -2.725930155114774e-21 2.282468915403189e-03 
ReD_3400_delta_0.300_Wo_034_Q_0.003_nRnT_30x150_Kb_3.mat 1700 3400 3.000000000000000e-01 3.000000000000000e-03  34 9.239978392911155e+00 6.800000000000000e-01 1.762415692530891e-04 7.946002996110633e-02 1.762415692530899e-04 -3.423707713961813e-03 1.285142158177766e-20 3.423707713961812e-03 
ReD_3400_delta_0.300_Wo_035_Q_0.001_nRnT_30x150_Kb_3.mat 1700 3400 3.000000000000000e-01 1.000000000000000e-03  35 8.719522467106364e+00 7.205882352941176e-01 6.089552728289393e-05 7.945994987500288e-02 6.089552728290498e-05 -1.210190262497447e-03 3.099968030389186e-15 1.210190262497429e-03 
ReD_3400_delta_0.300_Wo_035_Q_0.002_nRnT_30x150_Kb_3.mat 1700 3400 3.000000000000000e-01 2.000000000000000e-03  35 8.719522467106364e+00 7.205882352941176e-01 1.217901135292221e-04 7.945996200856263e-02 1.217901135292225e-04 -2.420383592844818e-03 6.910899758045139e-20 2.420383592844817e-03 
ReD_3400_delta_0.300_Wo_035_Q_0.003_nRnT_30x150_Kb_3.mat 1700 3400 3.000000000000000e-01 3.000000000000000e-03  35 8.719522467106364e+00 7.205882352941176e-01 1.826828217528705e-04 7.945998223862942e-02 1.826828217528713e-04 -3.630583064296103e-03 -7.319118700163199e-21 3.630583064296103e-03 
ReD_3400_delta_0.300_Wo_035_Q_0.004_nRnT_30x150_Kb_3.mat 1700 3400 3.000000000000000e-01 4.000000000000000e-03  35 8.719522467106364e+00 7.205882352941176e-01 2.435727037266780e-04 7.946001060310796e-02 2.435727037266794e-04 -4.840791771204607e-03 1.332280214692084e-21 4.840791771204607e-03 
ReD_3400_delta_0.300_Wo_035_Q_0.005_nRnT_30x150_Kb_3.mat 1700 3400 3.000000000000000e-01 5.000000000000000e-03  35 8.719522467106364e+00 7.205882352941176e-01 3.044589004666425e-04 7.946004705856942e-02 3.044589004666440e-04 -6.051012781698448e-03 -3.328805275683712e-20 6.051012781698448e-03 
ReD_3400_delta_0.300_Wo_035_Q_0.006_nRnT_30x150_Kb_3.mat 1700 3400 3.000000000000000e-01 6.000000000000000e-03  35 8.719522467106364e+00 7.205882352941176e-01 3.653404035558494e-04 7.946009176405520e-02 3.653404035558473e-04 -7.261249336098907e-03 4.218613967628637e-20 7.261249336098907e-03 
ReD_3400_delta_0.300_Wo_035_Q_0.008_nRnT_30x150_Kb_3.mat 1700 3400 3.000000000000000e-01 8.000000000000000e-03  35 8.719522467106364e+00 7.205882352941176e-01 4.870861822408856e-04 7.946020583290447e-02 4.870861822408820e-04 -9.681781109823116e-03 2.701854013190488e-21 9.681781109823118e-03 
ReD_3400_delta_0.300_Wo_035_Q_0.010_nRnT_30x150_Kb_3.mat 1700 3400 3.000000000000000e-01 1.000000000000000e-02  35 8.719522467106364e+00 7.205882352941176e-01 6.088015703926612e-04 7.946035446259826e-02 6.088015703926592e-04 -1.210241163576931e-02 -3.392616054211041e-20 1.210241163576931e-02 
ReD_3400_delta_0.300_Wo_035_Q_0.020_nRnT_30x150_Kb_3.mat 1700 3400 3.000000000000000e-01 2.000000000000000e-02  35 8.719522467106364e+00 7.205882352941176e-01 1.216710086020566e-03 7.946175065182365e-02 1.216710086020572e-03 -2.420796192567833e-02 1.819708972331507e-19 2.420796192567834e-02 
ReD_3400_delta_0.300_Wo_036_Q_0.001_nRnT_30x150_Kb_3.mat 1700 3400 3.000000000000000e-01 1.000000000000000e-03  36 8.241832578862113e+00 7.623529411764706e-01 6.283412798618150e-05 7.945993761975437e-02 6.283412798619254e-05 -1.279429141204697e-03 5.493071631558886e-14 1.279429141204616e-03 
ReD_3400_delta_0.300_Wo_036_Q_0.002_nRnT_30x150_Kb_3.mat 1700 3400 3.000000000000000e-01 2.000000000000000e-03  36 8.241832578862113e+00 7.623529411764706e-01 1.256690991766733e-04 7.945991297501168e-02 1.256690991766731e-04 -2.558866724198141e-03 4.143950851482357e-18 2.558866724198141e-03 
ReD_3400_delta_0.300_Wo_036_Q_0.003_nRnT_30x150_Kb_3.mat 1700 3400 3.000000000000000e-01 3.000000000000000e-03  36 8.241832578862113e+00 7.623529411764706e-01 1.885057773624947e-04 7.945987187324718e-02 1.885057773624946e-04 -3.838321215188758e-03 2.252304454878210e-23 3.838321215188759e-03 
ReD_3400_delta_0.300_Wo_037_Q_0.001_nRnT_30x150_Kb_3.mat 1700 3400 3.000000000000000e-01 1.000000000000000e-03  37 7.802348445730677e+00 8.052941176470588e-01 6.368390748233515e-05 7.945991239124370e-02 6.368390748239715e-05 -1.350671152986093e-03 3.088996816501471e-14 1.350671152986084e-03 
ReD_3400_delta_0.300_Wo_037_Q_0.002_nRnT_30x150_Kb_3.mat 1700 3400 3.000000000000000e-01 2.000000000000000e-03  37 7.802348445730677e+00 8.052941176470588e-01 1.273778182960316e-04 7.945981199519402e-02 1.273778182960323e-04 -2.701355866603226e-03 2.255226817589368e-19 2.701355866603227e-03 
ReD_3400_delta_0.300_Wo_037_Q_0.003_nRnT_30x150_Kb_3.mat 1700 3400 3.000000000000000e-01 3.000000000000000e-03  37 7.802348445730677e+00 8.052941176470588e-01 1.910918580487454e-04 7.945964442417257e-02 1.910918580487475e-04 -4.052067789740775e-03 9.280777148515169e-21 4.052067789740775e-03 
ReD_3400_delta_0.300_Wo_038_Q_0.001_nRnT_30x150_Kb_3.mat 1700 3400 3.000000000000000e-01 1.000000000000000e-03  38 7.397101815931646e+00 8.494117647058823e-01 6.438871850274411e-05 7.945988215037332e-02 6.438871850274723e-05 -1.424371428981699e-03 6.429477781935627e-16 1.424371428981698e-03 
ReD_3400_delta_0.300_Wo_038_Q_0.002_nRnT_30x150_Kb_3.mat 1700 3400 3.000000000000000e-01 2.000000000000000e-03  38 7.397101815931646e+00 8.494117647058823e-01 1.288032305366580e-04 7.945969110743589e-02 1.288032305366597e-04 -2.848751501906392e-03 2.412072204108775e-20 2.848751501906392e-03 
ReD_3400_delta_0.300_Wo_038_Q_0.003_nRnT_30x150_Kb_3.mat 1700 3400 3.000000000000000e-01 3.000000000000000e-03  38 7.397101815931646e+00 8.494117647058823e-01 1.932694814557456e-04 7.945937275293487e-02 1.932694814557436e-04 -4.273148712811059e-03 -3.544803004412548e-20 4.273148712811061e-03 
ReD_3400_delta_0.300_Wo_039_Q_0.001_nRnT_30x150_Kb_3.mat 1700 3400 3.000000000000000e-01 1.000000000000000e-03  39 7.022626576071858e+00 8.947058823529411e-01 6.565094089820619e-05 7.945986495783268e-02 6.565094089828001e-05 -1.500510049102014e-03 1.891473182499134e-14 1.500510049101956e-03 
ReD_3400_delta_0.300_Wo_039_Q_0.002_nRnT_30x150_Kb_3.mat 1700 3400 3.000000000000000e-01 2.000000000000000e-03  39 7.022626576071858e+00 8.947058823529411e-01 1.313304558977962e-04 7.945962330596795e-02 1.313304558977946e-04 -3.001009065957291e-03 1.341654839563958e-20 3.001009065957290e-03 
ReD_3400_delta_0.300_Wo_039_Q_0.003_nRnT_30x150_Kb_3.mat 1700 3400 3.000000000000000e-01 3.000000000000000e-03  39 7.022626576071858e+00 8.947058823529411e-01 1.970662363024325e-04 7.945922375828028e-02 1.970662363024319e-04 -4.501486073311854e-03 5.083177262007380e-20 4.501486073311856e-03 
ReD_3400_delta_0.300_Wo_040_Q_0.001_nRnT_30x150_Kb_3.mat 1700 3400 3.000000000000000e-01 1.000000000000000e-03  40 6.675884388878311e+00 9.411764705882353e-01 6.775201128209676e-05 7.945987395267379e-02 6.775201128208786e-05 -1.578075386853374e-03 -2.115336752163893e-14 1.578075386853439e-03 
ReD_3400_delta_0.300_Wo_040_Q_0.002_nRnT_30x150_Kb_3.mat 1700 3400 3.000000000000000e-01 2.000000000000000e-03  40 6.675884388878311e+00 9.411764705882353e-01 1.355145580387506e-04 7.945965938799419e-02 1.355145580387512e-04 -3.156132325248516e-03 -3.548996438095715e-20 3.156132325248517e-03 
ReD_3400_delta_0.300_Wo_040_Q_0.003_nRnT_30x150_Kb_3.mat 1700 3400 3.000000000000000e-01 3.000000000000000e-03  40 6.675884388878311e+00 9.411764705882353e-01 2.032978317754687e-04 7.945930530225842e-02 2.032978317754676e-04 -4.734152963779627e-03 1.058905011992168e-20 4.734152963779627e-03 
ReD_3400_delta_0.300_Wo_040_Q_0.004_nRnT_30x150_Kb_3.mat 1700 3400 3.000000000000000e-01 4.000000000000000e-03  40 6.675884388878311e+00 9.411764705882353e-01 2.711114960504078e-04 7.945881681877331e-02 2.711114960504104e-04 -6.312120674786761e-03 -2.810806848109265e-19 6.312120674786760e-03 
ReD_3400_delta_0.300_Wo_040_Q_0.005_nRnT_30x150_Kb_3.mat 1700 3400 3.000000000000000e-01 5.000000000000000e-03  40 6.675884388878311e+00 9.411764705882353e-01 3.389637422555622e-04 7.945820090486341e-02 3.389637422555565e-04 -7.890020198819592e-03 2.250968345599589e-19 7.890020198819592e-03 
ReD_3400_delta_0.300_Wo_040_Q_0.006_nRnT_30x150_Kb_3.mat 1700 3400 3.000000000000000e-01 6.000000000000000e-03  40 6.675884388878311e+00 9.411764705882353e-01 4.068648216199013e-04 7.945746604625689e-02 4.068648216199051e-04 -9.467838346243483e-03 -2.332146989965660e-19 9.467838346243490e-03 
ReD_3400_delta_0.300_Wo_040_Q_0.008_nRnT_30x150_Kb_3.mat 1700 3400 3.000000000000000e-01 8.000000000000000e-03  40 6.675884388878311e+00 9.411764705882353e-01 5.428314302527656e-04 7.945567910271456e-02 5.428314302527665e-04 -1.262319023510326e-02 1.462951559649716e-19 1.262319023510327e-02 
ReD_3400_delta_0.300_Wo_040_Q_0.010_nRnT_30x150_Kb_3.mat 1700 3400 3.000000000000000e-01 1.000000000000000e-02  40 6.675884388878311e+00 9.411764705882353e-01 6.790501821337769e-04 7.945354289875195e-02 6.790501821337827e-04 -1.577811855646374e-02 -7.625691992774432e-19 1.577811855646374e-02 
ReD_3400_delta_0.300_Wo_041_Q_0.001_nRnT_30x150_Kb_3.mat 1700 3400 3.000000000000000e-01 1.000000000000000e-03  41 6.354202868652765e+00 9.888235294117647e-01 6.972986916276500e-05 7.945989713074429e-02 6.972986916276532e-05 -1.656663909955835e-03 1.919706609109782e-21 1.656663909955837e-03 
ReD_3400_delta_0.300_Wo_041_Q_0.002_nRnT_30x150_Kb_3.mat 1700 3400 3.000000000000000e-01 2.000000000000000e-03  41 6.354202868652765e+00 9.888235294117647e-01 1.394594621134836e-04 7.945975147844485e-02 1.394594621134825e-04 -3.313317749846801e-03 -8.996723737438588e-21 3.313317749846805e-03 
ReD_3400_delta_0.300_Wo_041_Q_0.003_nRnT_30x150_Kb_3.mat 1700 3400 3.000000000000000e-01 3.000000000000000e-03  41 6.354202868652765e+00 9.888235294117647e-01 2.091885288905222e-04 7.945951018665655e-02 2.091885288905253e-04 -4.969951614013757e-03 1.281651129572870e-21 4.969951614013755e-03 
ReD_3400_delta_0.300_Wo_042_Q_0.001_nRnT_30x150_Kb_3.mat 1700 3400 3.000000000000000e-01 1.000000000000000e-03  42 6.055223935490531e+00 1.037647058823529e+00 7.115424999966453e-05 7.945991515344886e-02 7.115424999966533e-05 -1.736880228416399e-03 4.270998745143497e-20 1.736880228416399e-03 
ReD_3400_delta_0.300_Wo_042_Q_0.002_nRnT_30x150_Kb_3.mat 1700 3400 3.000000000000000e-01 2.000000000000000e-03  42 6.055223935490531e+00 1.037647058823529e+00 1.423065570269747e-04 7.945982331160269e-02 1.423065570269744e-04 -3.473756471354621e-03 3.505510965068883e-21 3.473756471354621e-03 
ReD_3400_delta_0.300_Wo_042_Q_0.003_nRnT_30x150_Kb_3.mat 1700 3400 3.000000000000000e-01 3.000000000000000e-03  42 6.055223935490531e+00 1.037647058823529e+00 2.134549971090712e-04 7.945967075160114e-02 2.134549971090686e-04 -5.210624769290567e-03 3.364633187181166e-20 5.210624769290568e-03 
ReD_3400_delta_0.300_Wo_043_Q_0.001_nRnT_30x150_Kb_3.mat 1700 3400 3.000000000000000e-01 1.000000000000000e-03  43 5.776860477125633e+00 1.087647058823529e+00 7.218324734510911e-05 7.945992623079456e-02 7.218324734510765e-05 -1.819069306669917e-03 1.514450966009629e-19 1.819069306669918e-03 
ReD_3400_delta_0.300_Wo_043_Q_0.002_nRnT_30x150_Kb_3.mat 1700 3400 3.000000000000000e-01 2.000000000000000e-03  43 5.776860477125633e+00 1.087647058823529e+00 1.443649978387526e-04 7.945986762815686e-02 1.443649978387509e-04 -3.638137248201338e-03 1.068384746620581e-21 3.638137248201340e-03 
ReD_3400_delta_0.300_Wo_043_Q_0.003_nRnT_30x150_Kb_3.mat 1700 3400 3.000000000000000e-01 3.000000000000000e-03  43 5.776860477125633e+00 1.087647058823529e+00 2.165437597110629e-04 7.945977011021335e-02 2.165437597110640e-04 -5.457202463256894e-03 -2.571167337502678e-20 5.457202463256896e-03 
ReD_3400_delta_0.300_Wo_044_Q_0.001_nRnT_30x150_Kb_3.mat 1700 3400 3.000000000000000e-01 1.000000000000000e-03  44 5.517259825519265e+00 1.138823529411765e+00 7.296664994785784e-05 7.945993332326490e-02 7.296664994785840e-05 -1.903338338649017e-03 1.507843966191504e-19 1.903338338649017e-03 
ReD_3400_delta_0.300_Wo_044_Q_0.002_nRnT_30x150_Kb_3.mat 1700 3400 3.000000000000000e-01 2.000000000000000e-03  44 5.517259825519265e+00 1.138823529411765e+00 1.459324229905599e-04 7.945989599414147e-02 1.459324229905581e-04 -3.806676308147371e-03 5.518694373123629e-21 3.806676308147369e-03 
ReD_3400_delta_0.300_Wo_044_Q_0.003_nRnT_30x150_Kb_3.mat 1700 3400 3.000000000000000e-01 3.000000000000000e-03  44 5.517259825519265e+00 1.138823529411765e+00 2.188964439939891e-04 7.945983380321246e-02 2.188964439939895e-04 -5.710013539965306e-03 2.537027935866954e-21 5.710013539965307e-03 
ReD_3400_delta_0.300_Wo_045_Q_0.001_nRnT_30x150_Kb_3.mat 1700 3400 3.000000000000000e-01 1.000000000000000e-03  45 5.274772850471751e+00 1.191176470588235e+00 7.363308740760106e-05 7.945993820707235e-02 7.363308740768826e-05 -1.989731510035408e-03 -1.261132217441516e-14 1.989731510035404e-03 
ReD_3400_delta_0.300_Wo_045_Q_0.002_nRnT_30x150_Kb_3.mat 1700 3400 3.000000000000000e-01 2.000000000000000e-03  45 5.274772850471751e+00 1.191176470588235e+00 1.472657166398085e-04 7.945991532467242e-02 1.472657166398062e-04 -3.979463001666342e-03 -2.335611764933735e-20 3.979463001666341e-03 
ReD_3400_delta_0.300_Wo_045_Q_0.003_nRnT_30x150_Kb_3.mat 1700 3400 3.000000000000000e-01 3.000000000000000e-03  45 5.274772850471751e+00 1.191176470588235e+00 2.208974420151194e-04 7.945987724590214e-02 2.208974420151181e-04 -5.969194353111332e-03 9.834711749022637e-21 5.969194353111329e-03 
ReD_3400_delta_0.300_Wo_045_Q_0.004_nRnT_30x150_Kb_3.mat 1700 3400 3.000000000000000e-01 4.000000000000000e-03  45 5.274772850471751e+00 1.191176470588235e+00 2.945278100595266e-04 7.945982406302793e-02 2.945278100595253e-04 -7.958925525253645e-03 4.445263912430249e-21 7.958925525253641e-03 
ReD_3400_delta_0.300_Wo_045_Q_0.005_nRnT_30x150_Kb_3.mat 1700 3400 3.000000000000000e-01 5.000000000000000e-03  45 5.274772850471751e+00 1.191176470588235e+00 3.681563722538511e-04 7.945975580195494e-02 3.681563722538531e-04 -9.948656458921585e-03 1.236398379447937e-20 9.948656458921590e-03 
ReD_3400_delta_0.300_Wo_045_Q_0.006_nRnT_30x150_Kb_3.mat 1700 3400 3.000000000000000e-01 6.000000000000000e-03  45 5.274772850471751e+00 1.191176470588235e+00 4.417826824180874e-04 7.945967267734162e-02 4.417826824180869e-04 -1.193838709463540e-02 -6.481494953856830e-20 1.193838709463540e-02 
ReD_3400_delta_0.300_Wo_045_Q_0.008_nRnT_30x150_Kb_3.mat 1700 3400 3.000000000000000e-01 8.000000000000000e-03  45 5.274772850471751e+00 1.191176470588235e+00 5.890267873657432e-04 7.945946237512236e-02 5.890267873657394e-04 -1.591784723550631e-02 -3.171761180786568e-20 1.591784723550631e-02 
ReD_3400_delta_0.300_Wo_045_Q_0.010_nRnT_30x150_Kb_3.mat 1700 3400 3.000000000000000e-01 1.000000000000000e-02  45 5.274772850471751e+00 1.191176470588235e+00 7.362566584995117e-04 7.945919477088897e-02 7.362566584995013e-04 -1.989730547305515e-02 1.757953815250109e-20 1.989730547305514e-02 
ReD_3400_delta_0.300_Wo_045_Q_0.020_nRnT_30x150_Kb_3.mat 1700 3400 3.000000000000000e-01 2.000000000000000e-02  45 5.274772850471751e+00 1.191176470588235e+00 1.472079301216238e-03 7.945708440312024e-02 1.472079301216226e-03 -3.979455173607620e-02 -2.512537312778510e-19 3.979455173607622e-02 
ReD_3400_delta_0.300_Wo_045_Q_0.030_nRnT_30x150_Kb_3.mat 1700 3400 3.000000000000000e-01 3.000000000000000e-02  45 5.274772850471751e+00 1.191176470588235e+00 2.207109713913723e-03 7.945402624445119e-02 2.207109713913745e-03 -5.969168348805057e-02 3.132795647945959e-19 5.969168348805055e-02 
ReD_3400_delta_0.300_Wo_045_Q_0.040_nRnT_30x150_Kb_3.mat 1700 3400 3.000000000000000e-01 4.000000000000000e-02  45 5.274772850471751e+00 1.191176470588235e+00 2.941128742625527e-03 7.945064812458635e-02 2.941128742625542e-03 -7.958865699932970e-02 -9.955709010643297e-19 7.958865699932970e-02 
ReD_3400_delta_0.300_Wo_045_Q_0.050_nRnT_30x150_Kb_3.mat 1700 3400 3.000000000000000e-01 5.000000000000000e-02  45 5.274772850471751e+00 1.191176470588235e+00 3.674096649720287e-03 7.944770736447364e-02 3.674096649720297e-03 -9.948545090588581e-02 1.326278264925477e-18 9.948545090588580e-02 
ReD_3400_delta_0.300_Wo_046_Q_0.001_nRnT_30x150_Kb_3.mat 1700 3400 3.000000000000000e-01 1.000000000000000e-03  46 5.047927704255811e+00 1.244705882352941e+00 7.430001907497752e-05 7.945994149854863e-02 7.430001907497796e-05 -2.078224043166805e-03 1.528686076127093e-19 2.078224043166804e-03 
ReD_3400_delta_0.300_Wo_046_Q_0.002_nRnT_30x150_Kb_3.mat 1700 3400 3.000000000000000e-01 2.000000000000000e-03  46 5.047927704255811e+00 1.244705882352941e+00 1.485997934317418e-04 7.945992869838715e-02 1.485997934317388e-04 -4.156448101115918e-03 8.279310873336391e-21 4.156448101115920e-03 
ReD_3400_delta_0.300_Wo_046_Q_0.003_nRnT_30x150_Kb_3.mat 1700 3400 3.000000000000000e-01 3.000000000000000e-03  46 5.047927704255811e+00 1.244705882352941e+00 2.228990780816702e-04 7.945990731280926e-02 2.228990780816740e-04 -6.234672188183779e-03 2.697017746253660e-20 6.234672188183782e-03 
ReD_3400_delta_0.300_Wo_047_Q_0.001_nRnT_30x150_Kb_3.mat 1700 3400 3.000000000000000e-01 1.000000000000000e-03  47 4.835407434226028e+00 1.299411764705882e+00 7.502175713335811e-05 7.945994391210481e-02 7.502175713335747e-05 -2.168737338742562e-03 1.503616008798702e-19 2.168737338742562e-03 
ReD_3400_delta_0.300_Wo_047_Q_0.002_nRnT_30x150_Kb_3.mat 1700 3400 3.000000000000000e-01 2.000000000000000e-03  47 4.835407434226028e+00 1.299411764705882e+00 1.500433699131118e-04 7.945993835142266e-02 1.500433699131131e-04 -4.337474724605928e-03 1.558384944355195e-19 4.337474724605926e-03 
ReD_3400_delta_0.300_Wo_047_Q_0.003_nRnT_30x150_Kb_3.mat 1700 3400 3.000000000000000e-01 3.000000000000000e-03  47 4.835407434226028e+00 1.299411764705882e+00 2.250646935768607e-04 7.945992901911950e-02 2.250646935768608e-04 -6.506212204782086e-03 -1.554318186447384e-20 6.506212204782086e-03 
ReD_3400_delta_0.300_Wo_048_Q_0.001_nRnT_30x150_Kb_3.mat 1700 3400 3.000000000000000e-01 1.000000000000000e-03  48 4.636030825609938e+00 1.355294117647059e+00 7.577435717624593e-05 7.945994599635173e-02 7.577435717333501e-05 -2.261212462608448e-03 2.427741364706021e-13 2.261212462606391e-03 
ReD_3400_delta_0.300_Wo_048_Q_0.002_nRnT_30x150_Kb_3.mat 1700 3400 3.000000000000000e-01 2.000000000000000e-03  48 4.636030825609938e+00 1.355294117647059e+00 1.515486527996608e-04 7.945994650543682e-02 1.515486527996605e-04 -4.522424991969596e-03 1.688220716699571e-18 4.522424991969597e-03 
ReD_3400_delta_0.300_Wo_048_Q_0.003_nRnT_30x150_Kb_3.mat 1700 3400 3.000000000000000e-01 3.000000000000000e-03  48 4.636030825609938e+00 1.355294117647059e+00 2.273228075135997e-04 7.945994735815089e-02 2.273228075135992e-04 -6.783637646817474e-03 -9.662815843160952e-21 6.783637646817475e-03 
ReD_3400_delta_0.300_Wo_049_Q_0.001_nRnT_30x150_Kb_3.mat 1700 3400 3.000000000000000e-01 1.000000000000000e-03  49 4.448735952605288e+00 1.412352941176471e+00 7.651656448445221e-05 7.945994795680543e-02 7.651656448125653e-05 -2.355661383363936e-03 2.498586816542623e-12 2.355661383371351e-03 
ReD_3400_delta_0.300_Wo_049_Q_0.002_nRnT_30x150_Kb_3.mat 1700 3400 3.000000000000000e-01 2.000000000000000e-03  49 4.448735952605288e+00 1.412352941176471e+00 1.530331282596112e-04 7.945995436515613e-02 1.530331282596109e-04 -4.711322813857391e-03 1.877137993676442e-16 4.711322813857389e-03 
ReD_3400_delta_0.300_Wo_049_Q_0.003_nRnT_30x150_Kb_3.mat 1700 3400 3.000000000000000e-01 3.000000000000000e-03  49 4.448735952605288e+00 1.412352941176471e+00 2.295496726913588e-04 7.945996503632106e-02 2.295496726913597e-04 -7.066984337931263e-03 5.041756682064009e-19 7.066984337931260e-03 
ReD_3400_delta_0.300_Wo_050_Q_0.001_nRnT_30x150_Kb_3.mat 1700 3400 3.000000000000000e-01 1.000000000000000e-03  50 4.272566008882118e+00 1.470588235294118e+00 7.726408003824816e-05 7.945994969738963e-02 7.726408003608002e-05 -2.452137968764998e-03 -8.042392871623477e-13 2.452137968762675e-03 
ReD_3400_delta_0.300_Wo_050_Q_0.002_nRnT_30x150_Kb_3.mat 1700 3400 3.000000000000000e-01 2.000000000000000e-03  50 4.272566008882118e+00 1.470588235294118e+00 1.545281817991025e-04 7.945996131080164e-02 1.545281817991019e-04 -4.904275945543704e-03 -5.624451614568107e-18 4.904275945543704e-03 
ReD_3400_delta_0.300_Wo_050_Q_0.003_nRnT_30x150_Kb_3.mat 1700 3400 3.000000000000000e-01 3.000000000000000e-03  50 4.272566008882118e+00 1.470588235294118e+00 2.317923120686444e-04 7.945998066076974e-02 2.317923120686448e-04 -7.356413942030286e-03 1.316446130149388e-22 7.356413942030286e-03 
ReD_3400_delta_0.300_Wo_050_Q_0.005_nRnT_30x150_Kb_3.mat 1700 3400 3.000000000000000e-01 5.000000000000000e-03  50 4.272566008882118e+00 1.470588235294118e+00 3.863207300479339e-04 7.946004258620158e-02 3.863207300479365e-04 -1.226069003002048e-02 2.393369448817183e-20 1.226069003002048e-02 
ReD_3400_delta_0.300_Wo_050_Q_0.010_nRnT_30x150_Kb_3.mat 1700 3400 3.000000000000000e-01 1.000000000000000e-02  50 4.272566008882118e+00 1.470588235294118e+00 7.726434265748715e-04 7.946033297390870e-02 7.726434265748739e-04 -2.452138125365775e-02 -5.646871900537644e-20 2.452138125365775e-02 
ReD_3400_delta_0.300_Wo_050_Q_0.050_nRnT_30x150_Kb_3.mat 1700 3400 3.000000000000000e-01 5.000000000000000e-02  50 4.272566008882118e+00 1.470588235294118e+00 3.863522568535014e-03 7.946971912778100e-02 3.863522568535008e-03 -1.226071225387540e-01 1.556276088545360e-18 1.226071225387540e-01 
ReD_3400_delta_0.300_Wo_050_Q_0.100_nRnT_30x150_Kb_3.mat 1700 3400 3.000000000000000e-01 1.000000000000000e-01  50 4.272566008882118e+00 1.470588235294118e+00 7.728596173187900e-03 7.950026676803704e-02 7.728596173187935e-03 -2.452159627311287e-01 -1.148652509774392e-19 2.452159627311286e-01 
ReD_3400_delta_0.300_Wo_051_Q_0.001_nRnT_30x150_Kb_3.mat 1700 3400 3.000000000000000e-01 1.000000000000000e-03  51 4.106657063516069e+00 1.530000000000000e+00 7.809933294229000e-05 7.945995080497757e-02 7.809933294229042e-05 -2.550652199779022e-03 2.150092587336859e-22 2.550652199779022e-03 
ReD_3400_delta_0.300_Wo_051_Q_0.002_nRnT_30x150_Kb_3.mat 1700 3400 3.000000000000000e-01 2.000000000000000e-03  51 4.106657063516069e+00 1.530000000000000e+00 1.561986706295933e-04 7.945996567959000e-02 1.561986706295921e-04 -5.101304388133907e-03 -2.761567250225770e-21 5.101304388133907e-03 
ReD_3400_delta_0.300_Wo_051_Q_0.003_nRnT_30x150_Kb_3.mat 1700 3400 3.000000000000000e-01 3.000000000000000e-03  51 4.106657063516069e+00 1.530000000000000e+00 2.342980178839171e-04 7.945999048111035e-02 2.342980178839161e-04 -7.651956553545051e-03 -2.011831458783319e-21 7.651956553545051e-03 
ReD_3400_delta_0.300_Wo_052_Q_0.001_nRnT_30x150_Kb_3.mat 1700 3400 3.000000000000000e-01 1.000000000000000e-03  52 3.950227449040420e+00 1.590588235294118e+00 7.907630955246476e-05 7.945995114429116e-02 7.907630955246472e-05 -2.651121335920713e-03 -4.654539143743717e-22 2.651121335920714e-03 
ReD_3400_delta_0.300_Wo_052_Q_0.002_nRnT_30x150_Kb_3.mat 1700 3400 3.000000000000000e-01 2.000000000000000e-03  52 3.950227449040420e+00 1.590588235294118e+00 1.581526152711267e-04 7.945996703321657e-02 1.581526152711270e-04 -5.302242668402621e-03 3.625277060607672e-22 5.302242668402620e-03 
ReD_3400_delta_0.300_Wo_052_Q_0.003_nRnT_30x150_Kb_3.mat 1700 3400 3.000000000000000e-01 3.000000000000000e-03  52 3.950227449040420e+00 1.590588235294118e+00 2.372289133437789e-04 7.945999351995303e-02 2.372289133437798e-04 -7.953363993995894e-03 7.838282698323977e-21 7.953363993995896e-03 
ReD_3400_delta_0.300_Wo_053_Q_0.001_nRnT_30x150_Kb_3.mat 1700 3400 3.000000000000000e-01 1.000000000000000e-03  53 3.802568537630935e+00 1.652352941176471e+00 8.014110727585158e-05 7.945995104887928e-02 8.014110727585177e-05 -2.753483811314786e-03 -3.124076249347359e-22 2.753483811314786e-03 
ReD_3400_delta_0.300_Wo_053_Q_0.002_nRnT_30x150_Kb_3.mat 1700 3400 3.000000000000000e-01 2.000000000000000e-03  53 3.802568537630935e+00 1.652352941176471e+00 1.602822234147732e-04 7.945996665092514e-02 1.602822234147730e-04 -5.506967625049123e-03 2.542990886633179e-21 5.506967625049122e-03 
ReD_3400_delta_0.300_Wo_053_Q_0.003_nRnT_30x150_Kb_3.mat 1700 3400 3.000000000000000e-01 3.000000000000000e-03  53 3.802568537630935e+00 1.652352941176471e+00 2.404233572831835e-04 7.945999266727835e-02 2.404233572831824e-04 -8.260451443552367e-03 -2.546088393462453e-21 8.260451443552367e-03 
ReD_3400_delta_0.300_Wo_054_Q_0.001_nRnT_30x150_Kb_3.mat 1700 3400 3.000000000000000e-01 1.000000000000000e-03  54 3.663036701716494e+00 1.715294117647059e+00 8.129232093770920e-05 7.945995032360738e-02 8.129232093770957e-05 -2.857787895847840e-03 -1.476594475201871e-21 2.857787895847840e-03 
ReD_3400_delta_0.300_Wo_054_Q_0.002_nRnT_30x150_Kb_3.mat 1700 3400 3.000000000000000e-01 2.000000000000000e-03  54 3.663036701716494e+00 1.715294117647059e+00 1.625846585999376e-04 7.945996374756872e-02 1.625846585999375e-04 -5.715575778994124e-03 -4.999589194041869e-21 5.715575778994125e-03 
ReD_3400_delta_0.300_Wo_054_Q_0.003_nRnT_30x150_Kb_3.mat 1700 3400 3.000000000000000e-01 3.000000000000000e-03  54 3.663036701716494e+00 1.715294117647059e+00 2.438770296914439e-04 7.945998614249963e-02 2.438770296914428e-04 -8.573363636625159e-03 -2.510543908616865e-21 8.573363636625156e-03 
ReD_3400_delta_0.300_Wo_055_Q_0.001_nRnT_30x150_Kb_3.mat 1700 3400 3.000000000000000e-01 1.000000000000000e-03  55 3.531046288332329e+00 1.779411764705882e+00 8.263077489681500e-05 7.945994883787957e-02 8.263077489534188e-05 -2.963920110580685e-03 -4.872709265900485e-13 2.963920110581047e-03 
ReD_3400_delta_0.300_Wo_055_Q_0.002_nRnT_30x150_Kb_3.mat 1700 3400 3.000000000000000e-01 2.000000000000000e-03  55 3.531046288332329e+00 1.779411764705882e+00 1.652615477998619e-04 7.945995786603914e-02 1.652615477998603e-04 -5.927840218452444e-03 -3.933557970053733e-16 5.927840218452444e-03 
ReD_3400_delta_0.300_Wo_055_Q_0.003_nRnT_30x150_Kb_3.mat 1700 3400 3.000000000000000e-01 3.000000000000000e-03  55 3.531046288332329e+00 1.779411764705882e+00 2.478923253229137e-04 7.945997292019033e-02 2.478923253229125e-04 -8.891760264151428e-03 7.501845505376575e-21 8.891760264151428e-03 
ReD_3400_delta_0.300_Wo_055_Q_0.005_nRnT_30x150_Kb_3.mat 1700 3400 3.000000000000000e-01 5.000000000000000e-03  55 3.531046288332329e+00 1.779411764705882e+00 4.131538745006869e-04 7.946002108733083e-02 4.131538745006879e-04 -1.481960023604511e-02 -3.349074262632820e-20 1.481960023604511e-02 
ReD_3400_delta_0.300_Wo_055_Q_0.010_nRnT_30x150_Kb_3.mat 1700 3400 3.000000000000000e-01 1.000000000000000e-02  55 3.531046288332329e+00 1.779411764705882e+00 8.263077404009234e-04 7.946024702968590e-02 8.263077404009239e-04 -2.963919855848287e-02 -1.962529534889634e-19 2.963919855848288e-02 
ReD_3400_delta_0.300_Wo_055_Q_0.050_nRnT_30x150_Kb_3.mat 1700 3400 3.000000000000000e-01 5.000000000000000e-02  55 3.531046288332329e+00 1.779411764705882e+00 4.131541985658120e-03 7.946761098526117e-02 4.131541985658118e-03 -1.481956901602400e-01 4.957735758455544e-18 1.481956901602400e-01 
ReD_3400_delta_0.300_Wo_055_Q_0.100_nRnT_30x150_Kb_3.mat 1700 3400 3.000000000000000e-01 1.000000000000000e-01  55 3.531046288332329e+00 1.779411764705882e+00 8.263203854680844e-03 7.949206928355566e-02 8.263203854680832e-03 -2.963895738748245e-01 -1.279663754002053e-17 2.963895738748245e-01 
ReD_3400_delta_0.300_Wo_055_Q_0.150_nRnT_30x150_Kb_3.mat 1700 3400 3.000000000000000e-01 1.500000000000000e-01  55 3.531046288332329e+00 1.779411764705882e+00 1.239547240372182e-02 7.953646789110261e-02 1.239547240372179e-02 -4.445802381129220e-01 2.185554724163849e-17 4.445802381129220e-01 
ReD_3400_delta_0.300_Wo_055_Q_0.200_nRnT_30x150_Kb_3.mat 1700 3400 3.000000000000000e-01 2.000000000000000e-01  55 3.531046288332329e+00 1.779411764705882e+00 1.652925789832929e-02 7.960347233591623e-02 1.652925789832918e-02 -5.927669674015825e-01 9.807624332997981e-17 5.927669674015825e-01 
ReD_3400_delta_0.300_Wo_056_Q_0.001_nRnT_30x150_Kb_3.mat 1700 3400 3.000000000000000e-01 1.000000000000000e-03  56 3.406063463713424e+00 1.844705882352941e+00 8.392291788439177e-05 7.945994853469528e-02 8.392291788439185e-05 -3.071730122234237e-03 1.217783466488820e-21 3.071730122234238e-03 
ReD_3400_delta_0.300_Wo_056_Q_0.002_nRnT_30x150_Kb_3.mat 1700 3400 3.000000000000000e-01 2.000000000000000e-03  56 3.406063463713424e+00 1.844705882352941e+00 1.678458352689979e-04 7.945995660624043e-02 1.678458352689972e-04 -6.143460243032286e-03 4.210659456034886e-21 6.143460243032285e-03 
ReD_3400_delta_0.300_Wo_056_Q_0.003_nRnT_30x150_Kb_3.mat 1700 3400 3.000000000000000e-01 3.000000000000000e-03  56 3.406063463713424e+00 1.844705882352941e+00 2.517687516382019e-04 7.945997004222112e-02 2.517687516382016e-04 -9.215190360997775e-03 1.556989797530641e-20 9.215190360997775e-03 
ReD_3400_delta_0.300_Wo_057_Q_0.001_nRnT_30x150_Kb_3.mat 1700 3400 3.000000000000000e-01 1.000000000000000e-03  57 3.287600807080731e+00 1.911176470588235e+00 8.503805992133084e-05 7.945994939354938e-02 8.503805992133049e-05 -3.181483269863665e-03 1.452570232043009e-21 3.181483269863666e-03 
ReD_3400_delta_0.300_Wo_057_Q_0.002_nRnT_30x150_Kb_3.mat 1700 3400 3.000000000000000e-01 2.000000000000000e-03  57 3.287600807080731e+00 1.911176470588235e+00 1.700761215059489e-04 7.945996004208507e-02 1.700761215059496e-04 -6.362966535702658e-03 -1.071982194818213e-21 6.362966535702660e-03 
ReD_3400_delta_0.300_Wo_057_Q_0.003_nRnT_30x150_Kb_3.mat 1700 3400 3.000000000000000e-01 3.000000000000000e-03  57 3.287600807080731e+00 1.911176470588235e+00 2.551141864078491e-04 7.945997777887263e-02 2.551141864078472e-04 -9.544449793543967e-03 -3.871006605224636e-21 9.544449793543968e-03 
ReD_3400_delta_0.300_Wo_058_Q_0.001_nRnT_30x150_Kb_3.mat 1700 3400 3.000000000000000e-01 1.000000000000000e-03  58 3.175212551190635e+00 1.978823529411765e+00 8.617468103974683e-05 7.945994991390572e-02 8.617468103974666e-05 -3.293264828029885e-03 -7.147478065550004e-22 3.293264828029885e-03 
ReD_3400_delta_0.300_Wo_058_Q_0.002_nRnT_30x150_Kb_3.mat 1700 3400 3.000000000000000e-01 2.000000000000000e-03  58 3.175212551190635e+00 1.978823529411765e+00 1.723493562821014e-04 7.945996210639758e-02 1.723493562820985e-04 -6.586529654230861e-03 -4.716718424754724e-16 6.586529654230860e-03 
ReD_3400_delta_0.300_Wo_058_Q_0.003_nRnT_30x150_Kb_3.mat 1700 3400 3.000000000000000e-01 3.000000000000000e-03  58 3.175212551190635e+00 1.978823529411765e+00 2.585240350016360e-04 7.945998246655746e-02 2.585240350016346e-04 -9.879794469375858e-03 -3.828585936078041e-22 9.879794469375857e-03 
ReD_3400_delta_0.300_Wo_059_Q_0.001_nRnT_30x150_Kb_3.mat 1700 3400 3.000000000000000e-01 1.000000000000000e-03  59 3.068490382707640e+00 2.047647058823530e+00 8.737871666519997e-05 7.945994992094356e-02 8.737871666522764e-05 -3.406963250961622e-03 9.097810663800350e-15 3.406963250961626e-03 
ReD_3400_delta_0.300_Wo_059_Q_0.002_nRnT_30x150_Kb_3.mat 1700 3400 3.000000000000000e-01 2.000000000000000e-03  59 3.068490382707640e+00 2.047647058823530e+00 1.747574296726247e-04 7.945996219559523e-02 1.747574296726243e-04 -6.813926502684740e-03 7.344069649655831e-18 6.813926502684741e-03 
ReD_3400_delta_0.300_Wo_059_Q_0.003_nRnT_30x150_Kb_3.mat 1700 3400 3.000000000000000e-01 3.000000000000000e-03  59 3.068490382707640e+00 2.047647058823530e+00 2.621361482379973e-04 7.945998266757856e-02 2.621361482379976e-04 -1.022088975015080e-02 -9.294281935577467e-22 1.022088975015080e-02 
ReD_3400_delta_0.300_Wo_060_Q_0.001_nRnT_30x150_Kb_3.mat 1700 3400 3.000000000000000e-01 1.000000000000000e-03  60 2.967059728390360e+00 2.117647058823529e+00 8.860889791743602e-05 7.945994980048042e-02 8.860889791605611e-05 -3.522565676784241e-03 -5.058487082117319e-13 3.522565676784201e-03 
ReD_3400_delta_0.300_Wo_060_Q_0.002_nRnT_30x150_Kb_3.mat 1700 3400 3.000000000000000e-01 2.000000000000000e-03  60 2.967059728390360e+00 2.117647058823529e+00 1.772177944814219e-04 7.945996171614020e-02 1.772177944814197e-04 -7.045131354118493e-03 -4.083330144199657e-16 7.045131354118493e-03 
ReD_3400_delta_0.300_Wo_060_Q_0.003_nRnT_30x150_Kb_3.mat 1700 3400 3.000000000000000e-01 3.000000000000000e-03  60 2.967059728390360e+00 2.117647058823529e+00 2.658267008042265e-04 7.945998158832972e-02 2.658267008042259e-04 -1.056769702611637e-02 -6.819116702494208e-22 1.056769702611637e-02 
ReD_3400_delta_0.300_Wo_060_Q_0.005_nRnT_30x150_Kb_3.mat 1700 3400 3.000000000000000e-01 5.000000000000000e-03  60 2.967059728390360e+00 2.117647058823529e+00 4.430445202369794e-04 7.946004515732268e-02 4.430445202369792e-04 -1.761282836515729e-02 -4.087437351316476e-21 1.761282836515729e-02 
ReD_3400_delta_0.300_Wo_060_Q_0.010_nRnT_30x150_Kb_3.mat 1700 3400 3.000000000000000e-01 1.000000000000000e-02  60 2.967059728390360e+00 2.117647058823529e+00 8.860892177142783e-04 7.946034315709810e-02 8.860892177142773e-04 -3.522565662059895e-02 2.803739159288046e-20 3.522565662059895e-02 
ReD_3400_delta_0.300_Wo_060_Q_0.050_nRnT_30x150_Kb_3.mat 1700 3400 3.000000000000000e-01 5.000000000000000e-02  60 2.967059728390360e+00 2.117647058823529e+00 4.430474818110620e-03 7.946989622567818e-02 4.430474818110619e-03 -1.761282655746733e-01 -8.907081840358659e-20 1.761282655746733e-01 
ReD_3400_delta_0.300_Wo_060_Q_0.100_nRnT_30x150_Kb_3.mat 1700 3400 3.000000000000000e-01 1.000000000000000e-01  60 2.967059728390360e+00 2.117647058823529e+00 8.861138549647877e-03 7.949995040441632e-02 8.861138549647866e-03 -3.522564225905626e-01 1.674200849636260e-18 3.522564225905626e-01 
ReD_3400_delta_0.300_Wo_060_Q_0.150_nRnT_30x150_Kb_3.mat 1700 3400 3.000000000000000e-01 1.500000000000000e-01  60 2.967059728390360e+00 2.117647058823529e+00 1.329222853137877e-02 7.955062978673946e-02 1.329222853137877e-02 -5.283843678489631e-01 1.046786780477672e-18 5.283843678489631e-01 
ReD_3400_delta_0.300_Wo_060_Q_0.200_nRnT_30x150_Kb_3.mat 1700 3400 3.000000000000000e-01 2.000000000000000e-01  60 2.967059728390360e+00 2.117647058823529e+00 1.772407735037698e-02 7.962257175828193e-02 1.772407735037699e-02 -7.045120091284329e-01 -2.354497511459422e-18 7.045120091284329e-01 
ReD_3400_delta_0.300_Wo_060_Q_0.250_nRnT_30x150_Kb_3.mat 1700 3400 3.000000000000000e-01 2.500000000000000e-01  60 2.967059728390360e+00 2.117647058823529e+00 2.215713734211134e-02 7.971637633765792e-02 2.215713734211130e-02 -8.806392617674363e-01 1.581014510608972e-18 8.806392617674360e-01 
ReD_3400_delta_0.300_Wo_060_Q_0.300_nRnT_30x150_Kb_3.mat 1700 3400 3.000000000000000e-01 3.000000000000000e-01  60 2.967059728390360e+00 2.117647058823529e+00 2.659195581366227e-02 7.983269030972755e-02 2.659195581366222e-02 -1.056766024496319e+00 -4.279353943625060e-18 1.056766024496318e+00 
ReD_3400_delta_0.300_Wo_060_Q_0.350_nRnT_30x150_Kb_3.mat 1700 3400 3.000000000000000e-01 3.500000000000000e-01  60 2.967059728390360e+00 2.117647058823529e+00 3.102909967376291e-02 7.997257624273806e-02 3.102909967376285e-02 -1.232892137804021e+00 1.508393895414600e-17 1.232892137804021e+00 
ReD_3400_delta_0.300_Wo_065_Q_0.001_nRnT_30x150_Kb_3.mat 1700 3400 3.000000000000000e-01 1.000000000000000e-03  65 2.528145567385869e+00 2.485294117647059e+00 9.495121265982868e-05 7.945994907731860e-02 9.495121265813290e-05 -4.129031469907545e-03 -6.687575999992171e-13 4.129031469906972e-03 
ReD_3400_delta_0.300_Wo_065_Q_0.002_nRnT_30x150_Kb_3.mat 1700 3400 3.000000000000000e-01 2.000000000000000e-03  65 2.528145567385869e+00 2.485294117647059e+00 1.899024255641123e-04 7.945995884895525e-02 1.899024255641097e-04 -8.258062940345473e-03 -5.398177247934093e-16 8.258062940345477e-03 
ReD_3400_delta_0.300_Wo_065_Q_0.003_nRnT_30x150_Kb_3.mat 1700 3400 3.000000000000000e-01 3.000000000000000e-03  65 2.528145567385869e+00 2.485294117647059e+00 2.848536462421894e-04 7.945997513158884e-02 2.848536462421895e-04 -1.238709440784825e-02 -1.339039691619854e-19 1.238709440784825e-02 
ReD_3400_delta_0.300_Wo_065_Q_0.005_nRnT_30x150_Kb_3.mat 1700 3400 3.000000000000000e-01 5.000000000000000e-03  65 2.528145567385869e+00 2.485294117647059e+00 4.747561018711820e-04 7.946002722923068e-02 4.747561018711827e-04 -2.064515734173152e-02 8.819134910939719e-22 2.064515734173152e-02 
ReD_3400_delta_0.300_Wo_065_Q_0.010_nRnT_30x150_Kb_3.mat 1700 3400 3.000000000000000e-01 1.000000000000000e-02  65 2.528145567385869e+00 2.485294117647059e+00 9.495124362538999e-04 7.946027143432782e-02 9.495124362538987e-04 -4.129031463972307e-02 -6.778910419178374e-21 4.129031463972308e-02 
ReD_3400_delta_0.300_Wo_065_Q_0.050_nRnT_30x150_Kb_3.mat 1700 3400 3.000000000000000e-01 5.000000000000000e-02  65 2.528145567385869e+00 2.485294117647059e+00 4.747599407491278e-03 7.946809516380664e-02 4.747599407491278e-03 -2.064515662065968e-01 3.333312706770553e-19 2.064515662065968e-01 
ReD_3400_delta_0.300_Wo_065_Q_0.100_nRnT_30x150_Kb_3.mat 1700 3400 3.000000000000000e-01 1.000000000000000e-01  65 2.528145567385869e+00 2.485294117647059e+00 9.495432053232174e-03 7.949265744243313e-02 9.495432053232170e-03 -4.129030889132982e-01 -2.325417248198959e-19 4.129030889132982e-01 
ReD_3400_delta_0.300_Wo_065_Q_0.150_nRnT_30x150_Kb_3.mat 1700 3400 3.000000000000000e-01 1.500000000000000e-01  65 2.528145567385869e+00 2.485294117647059e+00 1.424373416923319e-02 7.953396541664498e-02 1.424373416923324e-02 -6.193545259196561e-01 1.999322375401316e-18 6.193545259196562e-01 
ReD_3400_delta_0.300_Wo_065_Q_0.200_nRnT_30x150_Kb_3.mat 1700 3400 3.000000000000000e-01 2.000000000000000e-01  65 2.528145567385869e+00 2.485294117647059e+00 1.899274521849934e-02 7.959254163727277e-02 1.899274521849932e-02 -8.258058397976346e-01 -4.355471036759888e-18 8.258058397976344e-01 
ReD_3400_delta_0.300_Wo_065_Q_0.250_nRnT_30x150_Kb_3.mat 1700 3400 3.000000000000000e-01 2.500000000000000e-01  65 2.528145567385869e+00 2.485294117647059e+00 2.374270535263667e-02 7.966906220062586e-02 2.374270535263664e-02 -1.032257004060067e+00 5.045804746301958e-18 1.032257004060068e+00 
ReD_3400_delta_0.300_Wo_065_Q_0.300_nRnT_30x150_Kb_3.mat 1700 3400 3.000000000000000e-01 3.000000000000000e-01  65 2.528145567385869e+00 2.485294117647059e+00 2.849384582235839e-02 7.976432783187035e-02 2.849384582235841e-02 -1.238708013035970e+00 -4.659623436783569e-18 1.238708013035970e+00 
ReD_3400_delta_0.300_Wo_065_Q_0.350_nRnT_30x150_Kb_3.mat 1700 3400 3.000000000000000e-01 3.500000000000000e-01  65 2.528145567385869e+00 2.485294117647059e+00 3.324637250776747e-02 7.987926470564879e-02 3.324637250776748e-02 -1.445158894290655e+00 -1.399874070921779e-17 1.445158894290655e+00 
ReD_3400_delta_0.300_Wo_065_Q_0.400_nRnT_30x150_Kb_3.mat 1700 3400 3.000000000000000e-01 4.000000000000000e-01  65 2.528145567385869e+00 2.485294117647059e+00 3.800044078883218e-02 8.001497302138183e-02 3.800044078883216e-02 -1.651609715610627e+00 -2.657616906526148e-17 1.651609715610627e+00 
ReD_3400_delta_0.300_Wo_065_Q_0.450_nRnT_30x150_Kb_3.mat 1700 3400 3.000000000000000e-01 4.500000000000000e-01  65 2.528145567385869e+00 2.485294117647059e+00 4.275613087338941e-02 8.017283026218679e-02 4.275613087338945e-02 -1.858060594185724e+00 -7.240367511349656e-18 1.858060594185724e+00 
ReD_3400_delta_0.300_Wo_065_Q_0.500_nRnT_30x150_Kb_3.mat 1700 3400 3.000000000000000e-01 5.000000000000000e-01  65 2.528145567385869e+00 2.485294117647059e+00 4.751342192526584e-02 8.035463144273219e-02 4.751342192526572e-02 -2.064511681583551e+00 2.021678822556120e-17 2.064511681583551e+00 
ReD_3400_delta_0.300_Wo_070_Q_0.001_nRnT_30x150_Kb_3.mat 1700 3400 3.000000000000000e-01 1.000000000000000e-03  70 2.179880616776591e+00 2.882352941176471e+00 1.014450670215473e-04 7.945994854242756e-02 1.014450670195511e-04 -4.783228807140815e-03 -7.495382752561153e-13 4.783228807140278e-03 
ReD_3400_delta_0.300_Wo_070_Q_0.002_nRnT_30x150_Kb_3.mat 1700 3400 3.000000000000000e-01 2.000000000000000e-03  70 2.179880616776591e+00 2.882352941176471e+00 2.028901348918767e-04 7.945995670515446e-02 2.028901348918740e-04 -9.566457614717295e-03 -6.050245983083650e-16 9.566457614717293e-03 
ReD_3400_delta_0.300_Wo_070_Q_0.003_nRnT_30x150_Kb_3.mat 1700 3400 3.000000000000000e-01 3.000000000000000e-03  70 2.179880616776591e+00 2.882352941176471e+00 3.043352096521213e-04 7.945997030638889e-02 3.043352096521214e-04 -1.434968642046399e-02 -1.487631596557617e-19 1.434968642046399e-02 
ReD_3400_delta_0.300_Wo_070_Q_0.005_nRnT_30x150_Kb_3.mat 1700 3400 3.000000000000000e-01 5.000000000000000e-03  70 2.179880616776591e+00 2.882352941176471e+00 5.072253760911443e-04 7.946001382445939e-02 5.072253760911441e-04 -2.391614403199994e-02 -3.421972599216306e-21 2.391614403199994e-02 
ReD_3400_delta_0.300_Wo_070_Q_0.010_nRnT_30x150_Kb_3.mat 1700 3400 3.000000000000000e-01 1.000000000000000e-02  70 2.179880616776591e+00 2.882352941176471e+00 1.014451002220952e-03 7.946021780979429e-02 1.014451002220950e-03 -4.783228804437233e-02 7.045395949349221e-22 4.783228804437233e-02 
ReD_3400_delta_0.300_Wo_070_Q_0.050_nRnT_30x150_Kb_3.mat 1700 3400 3.000000000000000e-01 5.000000000000000e-02  70 2.179880616776591e+00 2.882352941176471e+00 5.072295009919910e-03 7.946675024333252e-02 5.072295009919911e-03 -2.391614370742152e-01 2.268204302917233e-19 2.391614370742152e-01 
ReD_3400_delta_0.300_Wo_070_Q_0.100_nRnT_30x150_Kb_3.mat 1700 3400 3.000000000000000e-01 1.000000000000000e-01  70 2.179880616776591e+00 2.882352941176471e+00 1.014483982273385e-02 7.948722515093315e-02 1.014483982273386e-02 -4.783228543054489e-01 -3.230667998263908e-19 4.783228543054490e-01 
ReD_3400_delta_0.300_Wo_070_Q_0.150_nRnT_30x150_Kb_3.mat 1700 3400 3.000000000000000e-01 1.500000000000000e-01  70 2.179880616776591e+00 2.882352941176471e+00 1.521788321901049e-02 7.952155407480506e-02 1.521788321901046e-02 -7.174842310644680e-01 -9.933306818366606e-19 7.174842310644678e-01 
ReD_3400_delta_0.300_Wo_070_Q_0.200_nRnT_30x150_Kb_3.mat 1700 3400 3.000000000000000e-01 2.000000000000000e-01  70 2.179880616776591e+00 2.882352941176471e+00 2.029167185131907e-02 7.957003834455567e-02 2.029167185131910e-02 -9.566455454099084e-01 1.983932066067849e-20 9.566455454099084e-01 
ReD_3400_delta_0.300_Wo_070_Q_0.250_nRnT_30x150_Kb_3.mat 1700 3400 3.000000000000000e-01 2.500000000000000e-01  70 2.179880616776591e+00 2.882352941176471e+00 2.536644782482207e-02 7.963308796744681e-02 2.536644782482211e-02 -1.195806774643855e+00 -3.007858081451630e-18 1.195806774643855e+00 
ReD_3400_delta_0.300_Wo_070_Q_0.300_nRnT_30x150_Kb_3.mat 1700 3400 3.000000000000000e-01 3.000000000000000e-01  70 2.179880616776591e+00 2.882352941176471e+00 3.044244620761102e-02 7.971121092455004e-02 3.044244620761108e-02 -1.434967896654527e+00 -1.127455835246689e-17 1.434967896654527e+00 
ReD_3400_delta_0.300_Wo_070_Q_0.350_nRnT_30x150_Kb_3.mat 1700 3400 3.000000000000000e-01 3.500000000000000e-01  70 2.179880616776591e+00 2.882352941176471e+00 3.551989030718006e-02 7.980499680653304e-02 3.551989030718002e-02 -1.674128893333045e+00 -1.480429026387885e-18 1.674128893333045e+00 
ReD_3400_delta_0.300_Wo_070_Q_0.400_nRnT_30x150_Kb_3.mat 1700 3400 3.000000000000000e-01 4.000000000000000e-01  70 2.179880616776591e+00 2.882352941176471e+00 4.059898525341619e-02 7.991509694975091e-02 4.059898525341619e-02 -1.913289756106988e+00 -6.705958649027645e-18 1.913289756106988e+00 
ReD_3400_delta_0.300_Wo_070_Q_0.450_nRnT_30x150_Kb_3.mat 1700 3400 3.000000000000000e-01 4.500000000000000e-01  70 2.179880616776591e+00 2.882352941176471e+00 4.567990975356543e-02 8.004220304423368e-02 4.567990975356553e-02 -2.152450494072676e+00 1.895498975263158e-18 2.152450494072676e+00 
ReD_3400_delta_0.300_Wo_070_Q_0.500_nRnT_30x150_Kb_3.mat 1700 3400 3.000000000000000e-01 5.000000000000000e-01  70 2.179880616776591e+00 2.882352941176471e+00 5.076280518109190e-02 8.018702172169437e-02 5.076280518109189e-02 -2.391611144595687e+00 -5.124166155412225e-19 2.391611144595687e+00 
ReD_3400_delta_0.300_Wo_075_Q_0.001_nRnT_30x150_Kb_3.mat 1700 3400 3.000000000000000e-01 1.000000000000000e-03  75 1.898918226169831e+00 3.308823529411764e+00 1.080789248356397e-04 7.945994804288421e-02 1.080789248347325e-04 -5.485157159752780e-03 -3.308547331219823e-13 5.485157159752519e-03 
ReD_3400_delta_0.300_Wo_075_Q_0.002_nRnT_30x150_Kb_3.mat 1700 3400 3.000000000000000e-01 2.000000000000000e-03  75 1.898918226169831e+00 3.308823529411764e+00 2.161578504933101e-04 7.945995469999832e-02 2.161578504933094e-04 -1.097031431964794e-02 -2.670628347812841e-16 1.097031431964794e-02 
ReD_3400_delta_0.300_Wo_075_Q_0.003_nRnT_30x150_Kb_3.mat 1700 3400 3.000000000000000e-01 3.000000000000000e-03  75 1.898918226169831e+00 3.308823529411764e+00 3.242367816320079e-04 7.945996579297795e-02 3.242367816320074e-04 -1.645547147794888e-02 -6.591895826872688e-20 1.645547147794888e-02 
ReD_3400_delta_0.300_Wo_075_Q_0.005_nRnT_30x150_Kb_3.mat 1700 3400 3.000000000000000e-01 5.000000000000000e-03  75 1.898918226169831e+00 3.308823529411764e+00 5.403946583542195e-04 7.946000128570556e-02 5.403946583542192e-04 -2.742578579298476e-02 1.527529132123314e-22 2.742578579298476e-02 
ReD_3400_delta_0.300_Wo_075_Q_0.010_nRnT_30x150_Kb_3.mat 1700 3400 3.000000000000000e-01 1.000000000000000e-02  75 1.898918226169831e+00 3.308823529411764e+00 1.080789525778781e-03 7.946016765213587e-02 1.080789525778781e-03 -5.485157155233982e-02 -1.373522614692802e-22 5.485157155233982e-02 
ReD_3400_delta_0.300_Wo_075_Q_0.050_nRnT_30x150_Kb_3.mat 1700 3400 3.000000000000000e-01 5.000000000000000e-02  75 1.898918226169831e+00 3.308823529411764e+00 5.403981075838896e-03 7.946549421584885e-02 5.403981075838898e-03 -2.742578523775783e-01 1.865346596579099e-19 2.742578523775783e-01 
ReD_3400_delta_0.300_Wo_075_Q_0.100_nRnT_30x150_Kb_3.mat 1700 3400 3.000000000000000e-01 1.000000000000000e-01  75 1.898918226169831e+00 3.308823529411764e+00 1.080817108645895e-02 7.948217524722159e-02 1.080817108645894e-02 -5.485156710214825e-01 6.247216280064511e-19 5.485156710214824e-01 
ReD_3400_delta_0.300_Wo_075_Q_0.150_nRnT_30x150_Kb_3.mat 1700 3400 3.000000000000000e-01 1.500000000000000e-01  75 1.898918226169831e+00 3.308823529411764e+00 1.621277840614961e-02 7.951009692664229e-02 1.621277840614961e-02 -8.227734217796407e-01 5.730210807395082e-20 8.227734217796407e-01 
ReD_3400_delta_0.300_Wo_075_Q_0.200_nRnT_30x150_Kb_3.mat 1700 3400 3.000000000000000e-01 2.000000000000000e-01  75 1.898918226169831e+00 3.308823529411764e+00 2.161801035832571e-02 7.954944020044928e-02 2.161801035832572e-02 -1.097031069646075e+00 -1.088777364589882e-18 1.097031069646075e+00 
ReD_3400_delta_0.300_Wo_075_Q_0.250_nRnT_30x150_Kb_3.mat 1700 3400 3.000000000000000e-01 2.500000000000000e-01  75 1.898918226169831e+00 3.308823529411764e+00 2.702407223061136e-02 7.960046041011981e-02 2.702407223061136e-02 -1.371288578467966e+00 5.220061199062025e-19 1.371288578467966e+00 
ReD_3400_delta_0.300_Wo_075_Q_0.300_nRnT_30x150_Kb_3.mat 1700 3400 3.000000000000000e-01 3.000000000000000e-01  75 1.898918226169831e+00 3.308823529411764e+00 3.243116665659340e-02 7.966348704634904e-02 3.243116665659351e-02 -1.645545910612237e+00 -6.540133164354762e-18 1.645545910612237e+00 
ReD_3400_delta_0.300_Wo_075_Q_0.350_nRnT_30x150_Kb_3.mat 1700 3400 3.000000000000000e-01 3.500000000000000e-01  75 1.898918226169831e+00 3.308823529411764e+00 3.783949228453882e-02 7.973892272691702e-02 3.783949228453878e-02 -1.919803027130015e+00 1.436323696011620e-18 1.919803027130015e+00 
ReD_3400_delta_0.300_Wo_075_Q_0.400_nRnT_30x150_Kb_3.mat 1700 3400 3.000000000000000e-01 4.000000000000000e-01  75 1.898918226169831e+00 3.308823529411764e+00 4.324924222955014e-02 7.982723888099753e-02 4.324924222955008e-02 -2.194059888115227e+00 4.366872250756562e-18 2.194059888115228e+00 
ReD_3400_delta_0.300_Wo_075_Q_0.450_nRnT_30x150_Kb_3.mat 1700 3400 3.000000000000000e-01 4.500000000000000e-01  75 1.898918226169831e+00 3.308823529411764e+00 4.866060196429516e-02 7.992896632514279e-02 4.866060196429512e-02 -2.468316453686136e+00 -1.689408773738739e-17 2.468316453686136e+00 
ReD_3400_delta_0.300_Wo_075_Q_0.500_nRnT_30x150_Kb_3.mat 1700 3400 3.000000000000000e-01 5.000000000000000e-01  75 1.898918226169831e+00 3.308823529411764e+00 5.407374688695437e-02 8.004468155942002e-02 5.407374688695431e-02 -2.742572686893279e+00 8.964741691604182e-18 2.742572686893280e+00 
ReD_3400_delta_0.300_Wo_080_Q_0.001_nRnT_30x150_Kb_3.mat 1700 3400 3.000000000000000e-01 1.000000000000000e-03  80 1.668971097219578e+00 3.764705882352941e+00 1.148020677047605e-04 7.945994761265698e-02 1.148020677037049e-04 -6.234843029773531e-03 -4.158059211200810e-13 6.234843029773285e-03 
ReD_3400_delta_0.300_Wo_080_Q_0.002_nRnT_30x150_Kb_3.mat 1700 3400 3.000000000000000e-01 2.000000000000000e-03  80 1.668971097219578e+00 3.764705882352941e+00 2.296041360664050e-04 7.945995296879668e-02 2.296041360664008e-04 -1.246968605956704e-02 -1.099932803515023e-15 1.246968605956703e-02 
ReD_3400_delta_0.300_Wo_080_Q_0.003_nRnT_30x150_Kb_3.mat 1700 3400 3.000000000000000e-01 3.000000000000000e-03  80 1.668971097219578e+00 3.764705882352941e+00 3.444062087138573e-04 7.945996191222286e-02 3.444062087138574e-04 -1.870452908801568e-02 -2.711041564689203e-19 1.870452908801568e-02 
ReD_3400_delta_0.300_Wo_080_Q_0.005_nRnT_30x150_Kb_3.mat 1700 3400 3.000000000000000e-01 5.000000000000000e-03  80 1.668971097219578e+00 3.764705882352941e+00 5.740103654024530e-04 7.945999050192881e-02 5.740103654024530e-04 -3.117421514290976e-02 -8.382456541001511e-22 3.117421514290977e-02 
ReD_3400_delta_0.300_Wo_080_Q_0.010_nRnT_30x150_Kb_3.mat 1700 3400 3.000000000000000e-01 1.000000000000000e-02  80 1.668971097219578e+00 3.764705882352941e+00 1.148020895300553e-03 7.946012452472093e-02 1.148020895300553e-03 -6.234843025028761e-02 6.486849884314152e-21 6.234843025028760e-02 
ReD_3400_delta_0.300_Wo_080_Q_0.050_nRnT_30x150_Kb_3.mat 1700 3400 3.000000000000000e-01 5.000000000000000e-02  80 1.668971097219578e+00 3.764705882352941e+00 5.740130795040948e-03 7.946441427433923e-02 5.740130795040950e-03 -3.117421455705506e-01 -3.185451334528486e-20 3.117421455705506e-01 
ReD_3400_delta_0.300_Wo_080_Q_0.100_nRnT_30x150_Kb_3.mat 1700 3400 3.000000000000000e-01 1.000000000000000e-01  80 1.668971097219578e+00 3.764705882352941e+00 1.148042606212033e-02 7.947783345844502e-02 1.148042606212034e-02 -6.234842556498270e-01 -5.890869682853449e-19 6.234842556498271e-01 
ReD_3400_delta_0.300_Wo_080_Q_0.150_nRnT_30x150_Kb_3.mat 1700 3400 3.000000000000000e-01 1.500000000000000e-01  80 1.668971097219578e+00 3.764705882352941e+00 1.722105017352420e-02 7.950024448809279e-02 1.722105017352420e-02 -9.352262948347086e-01 4.764367140377663e-19 9.352262948347086e-01 
ReD_3400_delta_0.300_Wo_080_Q_0.200_nRnT_30x150_Kb_3.mat 1700 3400 3.000000000000000e-01 2.000000000000000e-01  80 1.668971097219578e+00 3.764705882352941e+00 2.296216727873984e-02 7.953171441916070e-02 2.296216727873981e-02 -1.246968227949139e+00 -5.061533204413811e-19 1.246968227949139e+00 
ReD_3400_delta_0.300_Wo_080_Q_0.250_nRnT_30x150_Kb_3.mat 1700 3400 3.000000000000000e-01 2.500000000000000e-01  80 1.668971097219578e+00 3.764705882352941e+00 2.870394123754074e-02 7.957233370313786e-02 2.870394123754075e-02 -1.558710020239573e+00 1.416330876046215e-18 1.558710020239573e+00 
ReD_3400_delta_0.300_Wo_080_Q_0.300_nRnT_30x150_Kb_3.mat 1700 3400 3.000000000000000e-01 3.000000000000000e-01  80 1.668971097219578e+00 3.764705882352941e+00 3.444653510637450e-02 7.962221288538698e-02 3.444653510637451e-02 -1.870451637942295e+00 3.168728929000086e-18 1.870451637942295e+00 
ReD_3400_delta_0.300_Wo_080_Q_0.350_nRnT_30x150_Kb_3.mat 1700 3400 3.000000000000000e-01 3.500000000000000e-01  80 1.668971097219578e+00 3.764705882352941e+00 4.019011113262289e-02 7.968147639385934e-02 4.019011113262290e-02 -2.182193048798213e+00 -1.884919998399408e-18 2.182193048798214e+00 
ReD_3400_delta_0.300_Wo_080_Q_0.400_nRnT_30x150_Kb_3.mat 1700 3400 3.000000000000000e-01 4.000000000000000e-01  80 1.668971097219578e+00 3.764705882352941e+00 4.593483007654253e-02 7.975025527509486e-02 4.593483007654257e-02 -2.493934223264643e+00 2.587650155618799e-18 2.493934223264643e+00 
ReD_3400_delta_0.300_Wo_080_Q_0.450_nRnT_30x150_Kb_3.mat 1700 3400 3.000000000000000e-01 4.500000000000000e-01  80 1.668971097219578e+00 3.764705882352941e+00 5.168085061986864e-02 7.982867645495710e-02 5.168085061986859e-02 -2.805675136004785e+00 1.643971728353827e-17 2.805675136004785e+00 
ReD_3400_delta_0.300_Wo_080_Q_0.500_nRnT_30x150_Kb_3.mat 1700 3400 3.000000000000000e-01 5.000000000000000e-01  80 1.668971097219578e+00 3.764705882352941e+00 5.742832847552578e-02 7.991684745273880e-02 5.742832847552573e-02 -3.117415768084124e+00 -5.710659551630637e-18 3.117415768084124e+00 
ReD_3400_delta_0.300_Wo_090_Q_0.001_nRnT_30x150_Kb_3.mat 1700 3400 3.000000000000000e-01 1.000000000000000e-03  90 1.318693212617938e+00 4.764705882352941e+00 1.284122978754059e-04 7.945994694752111e-02 1.284122978750454e-04 -7.877564287130628e-03 -1.499101753541827e-13 7.877564287130549e-03 
ReD_3400_delta_0.300_Wo_090_Q_0.002_nRnT_30x150_Kb_3.mat 1700 3400 3.000000000000000e-01 2.000000000000000e-03  90 1.318693212617938e+00 4.764705882352941e+00 2.568245961470173e-04 7.945995030357117e-02 2.568245961470162e-04 -1.575512857420551e-02 -3.965517117512876e-16 1.575512857420551e-02 
ReD_3400_delta_0.300_Wo_090_Q_0.003_nRnT_30x150_Kb_3.mat 1700 3400 3.000000000000000e-01 3.000000000000000e-03  90 1.318693212617938e+00 4.764705882352941e+00 3.852368971453283e-04 7.945995590449448e-02 3.852368971453284e-04 -2.363269286038873e-02 -3.197718848259805e-19 2.363269286038873e-02 
ReD_3400_delta_0.300_Wo_090_Q_0.005_nRnT_30x150_Kb_3.mat 1700 3400 3.000000000000000e-01 5.000000000000000e-03  90 1.318693212617938e+00 4.764705882352941e+00 6.420615062435449e-04 7.945997381835516e-02 6.420615062435450e-04 -3.938782143094279e-02 1.678324503873303e-22 3.938782143094280e-02 
ReD_3400_delta_0.300_Wo_090_Q_0.010_nRnT_30x150_Kb_3.mat 1700 3400 3.000000000000000e-01 1.000000000000000e-02  90 1.318693212617938e+00 4.764705882352941e+00 1.284123115627552e-03 7.946005778441181e-02 1.284123115627552e-03 -7.877564283343731e-02 1.574139897918678e-21 7.877564283343731e-02 
ReD_3400_delta_0.300_Wo_090_Q_0.050_nRnT_30x150_Kb_3.mat 1700 3400 3.000000000000000e-01 5.000000000000000e-02  90 1.318693212617938e+00 4.764705882352941e+00 6.420632081018247e-03 7.946274449724154e-02 6.420632081018247e-03 -3.938782096189641e-01 -2.334107998293574e-20 3.938782096189641e-01 
ReD_3400_delta_0.300_Wo_090_Q_0.100_nRnT_30x150_Kb_3.mat 1700 3400 3.000000000000000e-01 1.000000000000000e-01  90 1.318693212617938e+00 4.764705882352941e+00 1.284136731595098e-02 7.947113852551582e-02 1.284136731595097e-02 -7.877563908564352e-01 -2.095831182494879e-19 7.877563908564352e-01 
ReD_3400_delta_0.300_Wo_090_Q_0.150_nRnT_30x150_Kb_3.mat 1700 3400 3.000000000000000e-01 1.500000000000000e-01  90 1.318693212617938e+00 4.764705882352941e+00 1.926230891312784e-02 7.948512211729269e-02 1.926230891312786e-02 -1.181634515556914e+00 -1.728328469637195e-19 1.181634515556914e+00 
ReD_3400_delta_0.300_Wo_090_Q_0.200_nRnT_30x150_Kb_3.mat 1700 3400 3.000000000000000e-01 2.000000000000000e-01  90 1.318693212617938e+00 4.764705882352941e+00 2.568356018636338e-02 7.950468606205686e-02 2.568356018636337e-02 -1.575512556008407e+00 1.172291006510588e-18 1.575512556008407e+00 
ReD_3400_delta_0.300_Wo_090_Q_0.250_nRnT_30x150_Kb_3.mat 1700 3400 3.000000000000000e-01 2.500000000000000e-01  90 1.318693212617938e+00 4.764705882352941e+00 3.210522459916197e-02 7.952981866704834e-02 3.210522459916192e-02 -1.969390485137306e+00 5.600092421470736e-20 1.969390485137306e+00 
ReD_3400_delta_0.300_Wo_090_Q_0.300_nRnT_30x150_Kb_3.mat 1700 3400 3.000000000000000e-01 3.000000000000000e-01  90 1.318693212617938e+00 4.764705882352941e+00 3.852740584608216e-02 7.956050733284703e-02 3.852740584608216e-02 -2.363268276635749e+00 -1.413638806372672e-18 2.363268276635749e+00 
ReD_3400_delta_0.300_Wo_090_Q_0.350_nRnT_30x150_Kb_3.mat 1700 3400 3.000000000000000e-01 3.500000000000000e-01  90 1.318693212617938e+00 4.764705882352941e+00 4.495020772542960e-02 7.959674265731859e-02 4.495020772542956e-02 -2.757145905051638e+00 2.398110327968562e-18 2.757145905051638e+00 
ReD_3400_delta_0.300_Wo_090_Q_0.400_nRnT_30x150_Kb_3.mat 1700 3400 3.000000000000000e-01 4.000000000000000e-01  90 1.318693212617938e+00 4.764705882352941e+00 5.137373432059360e-02 7.963852399894504e-02 5.137373432059363e-02 -3.151023345535640e+00 2.371571095871097e-18 3.151023345535640e+00 
ReD_3400_delta_0.300_Wo_090_Q_0.450_nRnT_30x150_Kb_3.mat 1700 3400 3.000000000000000e-01 4.500000000000000e-01  90 1.318693212617938e+00 4.764705882352941e+00 5.779808985179938e-02 7.968587029049740e-02 5.779808985179934e-02 -3.544900573402634e+00 -3.048094540328866e-18 3.544900573402634e+00 
ReD_3400_delta_0.300_Wo_090_Q_0.500_nRnT_30x150_Kb_3.mat 1700 3400 3.000000000000000e-01 5.000000000000000e-01  90 1.318693212617938e+00 4.764705882352941e+00 6.422337863643569e-02 7.973883892256522e-02 6.422337863643567e-02 -3.938777562743019e+00 3.182388171999743e-18 3.938777562743020e+00 
ReD_3400_delta_0.300_Wo_100_Q_0.001_nRnT_30x150_Kb_3.mat 1700 3400 3.000000000000000e-01 1.000000000000000e-03 100 1.068141502220530e+00 5.882352941176471e+00 1.421324613165548e-04 7.945994655600840e-02 1.421324613149435e-04 -9.711524243253207e-03 -4.385848304276673e-13 9.711524243252648e-03 
ReD_3400_delta_0.300_Wo_100_Q_0.002_nRnT_30x150_Kb_3.mat 1700 3400 3.000000000000000e-01 2.000000000000000e-03 100 1.068141502220530e+00 5.882352941176471e+00 2.842649229157146e-04 7.945994875767441e-02 2.842649229157116e-04 -1.942304848638375e-02 -1.160089713944497e-15 1.942304848638375e-02 
ReD_3400_delta_0.300_Wo_100_Q_0.003_nRnT_30x150_Kb_3.mat 1700 3400 3.000000000000000e-01 3.000000000000000e-03 100 1.068141502220530e+00 5.882352941176471e+00 4.263973863992314e-04 7.945995242245028e-02 4.263973863992312e-04 -2.913457272886203e-02 -9.364201057918185e-19 2.913457272886203e-02 
ReD_3400_delta_0.300_Wo_100_Q_0.005_nRnT_30x150_Kb_3.mat 1700 3400 3.000000000000000e-01 5.000000000000000e-03 100 1.068141502220530e+00 5.882352941176471e+00 7.106623182620051e-04 7.945996414178261e-02 7.106623182620037e-04 -4.855762121214142e-02 1.591120614013132e-22 4.855762121214141e-02 
ReD_3400_delta_0.300_Wo_100_Q_0.010_nRnT_30x150_Kb_3.mat 1700 3400 3.000000000000000e-01 1.000000000000000e-02 100 1.068141502220530e+00 5.882352941176471e+00 1.421324707741245e-03 7.946001908483306e-02 1.421324707741245e-03 -9.711524239958988e-02 7.336767349585706e-22 9.711524239958988e-02 
ReD_3400_delta_0.300_Wo_100_Q_0.050_nRnT_30x150_Kb_3.mat 1700 3400 3.000000000000000e-01 5.000000000000000e-02 100 1.068141502220530e+00 5.882352941176471e+00 7.106634933602322e-03 7.946177750856984e-02 7.106634933602318e-03 -4.855762080487089e-01 1.706318396249680e-20 4.855762080487089e-01 
ReD_3400_delta_0.300_Wo_100_Q_0.100_nRnT_30x150_Kb_3.mat 1700 3400 3.000000000000000e-01 1.000000000000000e-01 100 1.068141502220530e+00 5.882352941176471e+00 1.421334108826176e-02 7.946727686181394e-02 1.421334108826175e-02 -9.711523913849774e-01 -1.098588064760150e-19 9.711523913849774e-01 
ReD_3400_delta_0.300_Wo_100_Q_0.150_nRnT_30x150_Kb_3.mat 1700 3400 3.000000000000000e-01 1.500000000000000e-01 100 1.068141502220530e+00 5.882352941176471e+00 2.132018969966361e-02 7.947645726609716e-02 2.132018969966362e-02 -1.456728525142627e+00 1.137210228641073e-19 1.456728525142627e+00 
ReD_3400_delta_0.300_Wo_100_Q_0.200_nRnT_30x150_Kb_3.mat 1700 3400 3.000000000000000e-01 2.000000000000000e-01 100 1.068141502220530e+00 5.882352941176471e+00 2.842725203120690e-02 7.948934241227328e-02 2.842725203120692e-02 -1.942304584125990e+00 -8.208588828918765e-19 1.942304584125990e+00 
ReD_3400_delta_0.300_Wo_100_Q_0.250_nRnT_30x150_Kb_3.mat 1700 3400 3.000000000000000e-01 2.500000000000000e-01 100 1.068141502220530e+00 5.882352941176471e+00 3.553459938424904e-02 7.950596835306185e-02 3.553459938424904e-02 -2.427880542595010e+00 -6.937001133565840e-19 2.427880542595010e+00 
ReD_3400_delta_0.300_Wo_100_Q_0.300_nRnT_30x150_Kb_3.mat 1700 3400 3.000000000000000e-01 3.000000000000000e-01 100 1.068141502220530e+00 5.882352941176471e+00 4.264230310411525e-02 7.952638630758264e-02 4.264230310411522e-02 -2.913456373991229e+00 2.499439999061830e-19 2.913456373991229e+00 
ReD_3400_delta_0.300_Wo_100_Q_0.350_nRnT_30x150_Kb_3.mat 1700 3400 3.000000000000000e-01 3.500000000000000e-01 100 1.068141502220530e+00 5.882352941176471e+00 4.975043459539556e-02 7.955066591015962e-02 4.975043459539558e-02 -3.399032050575653e+00 3.873755431008619e-18 3.399032050575653e+00 
ReD_3400_delta_0.300_Wo_100_Q_0.400_nRnT_30x150_Kb_3.mat 1700 3400 3.000000000000000e-01 4.000000000000000e-01 100 1.068141502220530e+00 5.882352941176471e+00 5.685906527064747e-02 7.957889908787182e-02 5.685906527064748e-02 -3.884607543051100e+00 -1.088767275935422e-18 3.884607543051100e+00 
ReD_3400_delta_0.300_Wo_100_Q_0.450_nRnT_30x150_Kb_3.mat 1700 3400 3.000000000000000e-01 4.500000000000000e-01 100 1.068141502220530e+00 5.882352941176471e+00 6.396826659734300e-02 7.961120260184630e-02 6.396826659734310e-02 -4.370182820037469e+00 -8.298616973407812e-19 4.370182820037469e+00 
ReD_3400_delta_0.300_Wo_100_Q_0.500_nRnT_30x150_Kb_3.mat 1700 3400 3.000000000000000e-01 5.000000000000000e-01 100 1.068141502220530e+00 5.882352941176471e+00 7.107811007983190e-02 7.964771967448486e-02 7.107811007983190e-02 -4.855757847687631e+00 -2.363133892810150e-18 4.855757847687631e+00 
