  0.8324010E-10  0.0000000E+00  0.5816583E-09
  0.1822028E-14  0.0000000E+00  0.1043374E-13
  0.2522808E-15  0.0000000E+00  0.3339527E-14
  0.2522808E-15  0.0000000E+00  0.4146788E-14
 -0.6447176E-15  0.0000000E+00  0.3641667E-14
 -0.4335774E-02 -0.9640178E-03  0.3526533E-70
 -0.4335774E-02  0.9640178E-03  0.3526533E-70
 -0.1271168E+00  0.0000000E+00  0.9419534E-26
 -0.1832277E+00  0.3092937E+00  0.1933923E-25
 -0.1832277E+00 -0.3092937E+00  0.1933923E-25
 -0.1854744E+00  0.2139565E+00  0.1282151E-25
 -0.1854744E+00 -0.2139565E+00  0.1282151E-25
 -0.1863051E+00  0.1325336E-01  0.6311312E-26
 -0.1863051E+00 -0.1325336E-01  0.6311312E-26
 -0.1877497E+00  0.3889431E+00  0.2447771E-25
 -0.1877497E+00 -0.3889431E+00  0.2447771E-25
 -0.1958946E+00  0.6888885E-01  0.2400508E-25
 -0.1958946E+00 -0.6888885E-01  0.2400508E-25
 -0.1964867E+00  0.1326148E+00  0.2389502E-23
 -0.1964867E+00 -0.1326148E+00  0.2389502E-23
 -0.1973246E+00  0.2988213E+00  0.2353017E-24
 -0.1973246E+00 -0.2988213E+00  0.2353017E-24
 -0.2013069E+00  0.1283202E+00  0.6466833E-23
 -0.2013069E+00 -0.1283202E+00  0.6466833E-23
 -0.2024009E+00  0.9935484E-01  0.3416482E-22
 -0.2024009E+00 -0.9935484E-01  0.3416482E-22
 -0.2027317E+00  0.2169005E+00  0.1356743E-22
 -0.2027317E+00 -0.2169005E+00  0.1356743E-22
 -0.2045350E+00  0.1032751E+00  0.1473439E-20
 -0.2045350E+00 -0.1032751E+00  0.1473439E-20
 -0.2172815E+00  0.2051838E+00  0.6771462E-19
 -0.2172815E+00 -0.2051838E+00  0.6771462E-19
 -0.2225531E+00  0.2971727E+00  0.1729247E-18
 -0.2225531E+00 -0.2971727E+00  0.1729247E-18
 -0.2260973E+00  0.3917955E+00  0.3652615E-18
 -0.2260973E+00 -0.3917955E+00  0.3652615E-18
 -0.2300669E+00  0.1837845E+00  0.7742568E-17
 -0.2300669E+00 -0.1837845E+00  0.7742568E-17
 -0.2311033E+00  0.3003778E+00  0.1164905E-16
 -0.2311033E+00 -0.3003778E+00  0.1164905E-16
 -0.2365327E+00  0.1968328E+00  0.5756820E-15
 -0.2365327E+00 -0.1968328E+00  0.5756820E-15
 -0.2425070E+00  0.9399203E-01  0.3775465E-14
 -0.2425070E+00 -0.9399203E-01  0.3775465E-14
 -0.2497265E+00  0.7961493E-02  0.2729404E-13
 -0.2497265E+00 -0.7961493E-02  0.2729404E-13
 -0.2576627E+00  0.1092263E+00  0.1957148E-11
 -0.2576627E+00 -0.1092263E+00  0.1957148E-11
 -0.2656761E+00  0.2103140E+00  0.4607428E-10
 -0.2656761E+00 -0.2103140E+00  0.4607428E-10
 -0.2657919E+00  0.2588890E+00  0.4183430E-11
 -0.2657919E+00 -0.2588890E+00  0.4183430E-11
 -0.2737264E+00  0.3111837E+00  0.2199192E-08
 -0.2737264E+00 -0.3111837E+00  0.2199192E-08
 -0.2774279E+00  0.3217134E+00  0.1568926E-08
 -0.2774279E+00 -0.3217134E+00  0.1568926E-08
 -0.2815280E+00  0.3802917E+00  0.2405864E-06
 -0.2815280E+00 -0.3802917E+00  0.2405864E-06
 -0.2821041E+00  0.3812662E+00  0.1778595E-06
 -0.2821041E+00 -0.3812662E+00  0.1778595E-06
 -0.2909995E+00  0.2804921E+00  0.4839909E-06
 -0.2909995E+00 -0.2804921E+00  0.4839909E-06
 -0.2958436E+00  0.2815200E+00  0.5524621E-06
 -0.2958436E+00 -0.2815200E+00  0.5524621E-06
 -0.3004177E+00  0.1797563E+00  0.7044853E-06
 -0.3004177E+00 -0.1797563E+00  0.7044853E-06
 -0.3097655E+00  0.7785438E-01  0.6026880E-05
 -0.3097655E+00 -0.7785438E-01  0.6026880E-05
 -0.3115417E+00  0.1867673E+00  0.2199179E-05
 -0.3115417E+00 -0.1867673E+00  0.2199179E-05
 -0.3118507E+00  0.8802234E-01  0.9211564E-05
 -0.3118507E+00 -0.8802234E-01  0.9211564E-05
 -0.3192932E+00  0.1863413E-01  0.1137479E-04
 -0.3192932E+00 -0.1863413E-01  0.1137479E-04
 -0.3210131E+00  0.3212690E-01  0.8823001E-05
 -0.3210131E+00 -0.3212690E-01  0.8823001E-05
 -0.3216102E+00  0.9052572E-01  0.8102200E-05
 -0.3216102E+00 -0.9052572E-01  0.8102200E-05
 -0.3225279E+00  0.0000000E+00  0.8987983E-05
 -0.3262080E+00 -0.5508719E-01  0.6511569E-05
 -0.3262080E+00  0.5508719E-01  0.6511569E-05
 -0.3279670E+00 -0.1174796E+00  0.5315712E-05
 -0.3279670E+00  0.1174796E+00  0.5315712E-05
 -0.3311716E+00 -0.1424365E+00  0.4208122E-05
 -0.3311716E+00  0.1424365E+00  0.4208122E-05
 -0.3317036E+00 -0.1720466E+00  0.4564426E-05
 -0.3317036E+00  0.1720466E+00  0.4564426E-05
 -0.3354010E+00 -0.2088095E+00  0.4172580E-05
 -0.3354010E+00  0.2088095E+00  0.4172580E-05
 -0.3378877E+00 -0.2397007E+00  0.3946849E-05
 -0.3378877E+00  0.2397007E+00  0.3946849E-05
 -0.3384151E+00 -0.2714607E+00  0.4463960E-05
 -0.3384151E+00  0.2714607E+00  0.4463960E-05
 -0.3405657E+00 -0.3054548E+00  0.4925613E-05
 -0.3405657E+00  0.3054548E+00  0.4925613E-05
 -0.3419625E+00 -0.3363303E+00  0.5373301E-05
 -0.3419625E+00  0.3363303E+00  0.5373301E-05
 -0.3435799E+00 -0.3656525E+00  0.5933885E-05
 -0.3435799E+00  0.3656525E+00  0.5933885E-05
 -0.3446889E+00  0.0000000E+00  0.5995984E-05
