  0.1564950E-01  0.7565346E+00  0.1797794E-18
  0.1564950E-01 -0.7565346E+00  0.1797794E-18
 -0.3756740E-04  0.0000000E+00  0.3702148E-02
 -0.8736263E-01  0.0000000E+00  0.4101696E-10
 -0.1346262E+00  0.7794785E+00  0.2984509E-09
 -0.1346262E+00 -0.7794785E+00  0.2984509E-09
 -0.1404000E+00  0.6927460E+00  0.1045154E-08
 -0.1404000E+00 -0.6927460E+00  0.1045154E-08
 -0.1410121E+00  0.5888576E+00  0.3062563E-08
 -0.1410121E+00 -0.5888576E+00  0.3062563E-08
 -0.1469370E+00  0.4958176E+00  0.1347205E-07
 -0.1469370E+00 -0.4958176E+00  0.1347205E-07
 -0.1546017E+00  0.8592538E+00  0.2999762E-08
 -0.1546017E+00 -0.8592538E+00  0.2999762E-08
 -0.1598310E+00  0.4031077E+00  0.1062939E-06
 -0.1598310E+00 -0.4031077E+00  0.1062939E-06
 -0.1802770E+00  0.3115501E+00  0.2801816E-05
 -0.1802770E+00 -0.3115501E+00  0.2801816E-05
 -0.1813413E+00  0.9374862E+00  0.5989759E-07
 -0.1813413E+00 -0.9374862E+00  0.5989759E-07
 -0.1843498E+00  0.6845969E+00  0.5137679E-06
 -0.1843498E+00 -0.6845969E+00  0.5137679E-06
 -0.1874040E+00  0.9463117E-01  0.2455698E-04
 -0.1874040E+00 -0.9463117E-01  0.2455698E-04
 -0.2047654E+00  0.6413243E+00  0.3314362E-03
 -0.2047654E+00 -0.6413243E+00  0.3314362E-03
 -0.2057272E+00  0.1532390E+00  0.1941712E-04
 -0.2057272E+00 -0.1532390E+00  0.1941712E-04
 -0.2059951E+00  0.2304489E+00  0.2674168E-04
 -0.2059951E+00 -0.2304489E+00  0.2674168E-04
 -0.2104268E+00  0.1001354E+01  0.2164481E-03
 -0.2104268E+00 -0.1001354E+01  0.2164481E-03
 -0.2118149E+00  0.1012623E+01  0.4600897E-05
 -0.2118149E+00 -0.1012623E+01  0.4600897E-05
 -0.2179007E+00  0.4181381E+00  0.3322691E-03
 -0.2179007E+00 -0.4181381E+00  0.3322691E-03
 -0.2183447E+00  0.7850245E+00  0.3756557E-03
 -0.2183447E+00 -0.7850245E+00  0.3756557E-03
 -0.2190850E+00  0.8933912E+00  0.4012070E-03
 -0.2190850E+00 -0.8933912E+00  0.4012070E-03
 -0.2203370E+00  0.3181932E+00  0.4169977E-03
 -0.2203370E+00 -0.3181932E+00  0.4169977E-03
 -0.2232792E+00  0.2957899E+00  0.2996717E-03
 -0.2232792E+00 -0.2957899E+00  0.2996717E-03
 -0.2241221E+00  0.5282629E+00  0.2912547E-03
 -0.2241221E+00 -0.5282629E+00  0.2912547E-03
 -0.2324453E+00  0.2334211E+00  0.1374684E-03
 -0.2324453E+00 -0.2334211E+00  0.1374684E-03
 -0.2371207E+00  0.3764395E+00  0.2429923E-03
 -0.2371207E+00 -0.3764395E+00  0.2429923E-03
 -0.2387231E+00  0.1716896E+00  0.1246787E-03
 -0.2387231E+00 -0.1716896E+00  0.1246787E-03
 -0.2454905E+00  0.4524575E+00  0.2747606E-03
 -0.2454905E+00 -0.4524575E+00  0.2747606E-03
 -0.2492409E+00  0.1105254E+00  0.1177799E-03
 -0.2492409E+00 -0.1105254E+00  0.1177799E-03
 -0.2506144E+00  0.1079881E+01  0.1004604E-04
 -0.2506144E+00 -0.1079881E+01  0.1004604E-04
 -0.2534972E+00  0.5213412E+00  0.3082108E-03
 -0.2534972E+00 -0.5213412E+00  0.3082108E-03
 -0.2592745E+00  0.5426146E-01  0.9970827E-04
 -0.2592745E+00 -0.5426146E-01  0.9970827E-04
 -0.2616487E+00  0.1214246E+01  0.4391756E-04
 -0.2616487E+00 -0.1214246E+01  0.4391756E-04
 -0.2627528E+00  0.0000000E+00  0.1015887E-03
 -0.2649232E+00  0.1117973E+01  0.3083685E-04
 -0.2649232E+00 -0.1117973E+01  0.3083685E-04
 -0.2725352E+00  0.5916734E+00  0.2869099E-03
 -0.2725352E+00 -0.5916734E+00  0.2869099E-03
 -0.2726533E+00  0.1313633E+01  0.2676244E-04
 -0.2726533E+00 -0.1313633E+01  0.2676244E-04
 -0.2729945E+00  0.1134387E+01  0.4626992E-04
 -0.2729945E+00 -0.1134387E+01  0.4626992E-04
 -0.2763356E+00  0.7219617E+00  0.1527119E-03
 -0.2763356E+00 -0.7219617E+00  0.1527119E-03
 -0.2766990E+00  0.8004187E+00  0.1148470E-03
 -0.2766990E+00 -0.8004187E+00  0.1148470E-03
 -0.2778029E+00  0.1190053E+01  0.7999118E-04
 -0.2778029E+00 -0.1190053E+01  0.7999118E-04
 -0.2787594E+00  0.1241560E+01  0.8850547E-04
 -0.2787594E+00 -0.1241560E+01  0.8850547E-04
 -0.2798870E+00  0.6514102E+00  0.2582036E-03
 -0.2798870E+00 -0.6514102E+00  0.2582036E-03
 -0.2801051E+00  0.8791008E+00  0.8258180E-04
 -0.2801051E+00 -0.8791008E+00  0.8258180E-04
 -0.2806560E+00  0.1038203E+01  0.4671929E-04
 -0.2806560E+00 -0.1038203E+01  0.4671929E-04
 -0.2820034E+00  0.1412425E+01  0.1808867E-04
 -0.2820034E+00 -0.1412425E+01  0.1808867E-04
 -0.2830211E+00  0.9590111E+00  0.5937803E-04
 -0.2830211E+00 -0.9590111E+00  0.5937803E-04
 -0.2855575E+00  0.1350968E+01  0.7573853E-04
 -0.2855575E+00 -0.1350968E+01  0.7573853E-04
 -0.2872772E+00  0.1285286E+01  0.6484444E-04
 -0.2872772E+00 -0.1285286E+01  0.6484444E-04
 -0.2875864E+00  0.1474717E+01  0.8339866E-04
 -0.2875864E+00 -0.1474717E+01  0.8339866E-04
 -0.2906300E+00  0.1373237E+01  0.6264605E-04
 -0.2906300E+00 -0.1373237E+01  0.6264605E-04
 -0.2926126E+00  0.1511493E+01  0.1566958E-04
 -0.2926126E+00 -0.1511493E+01  0.1566958E-04
 -0.2932826E+00  0.1582254E+01  0.8358902E-04
 -0.2932826E+00 -0.1582254E+01  0.8358902E-04
 -0.3034756E+00  0.1693509E+01  0.7628558E-04
 -0.3034756E+00 -0.1693509E+01  0.7628558E-04
 -0.3046797E+00  0.1611083E+01  0.1645941E-04
 -0.3046797E+00 -0.1611083E+01  0.1645941E-04
 -0.3068223E+00  0.1444634E+01  0.3429456E-04
 -0.3068223E+00 -0.1444634E+01  0.3429456E-04
 -0.3163787E+00  0.1712694E+01  0.1849880E-04
 -0.3163787E+00 -0.1712694E+01  0.1849880E-04
 -0.3167108E+00  0.1802719E+01  0.6593277E-04
 -0.3167108E+00 -0.1802719E+01  0.6593277E-04
 -0.3206999E+00  0.1531977E+01  0.2152767E-04
 -0.3206999E+00 -0.1531977E+01  0.2152767E-04
 -0.3258794E+00  0.1814345E+01  0.2480260E-04
 -0.3258794E+00 -0.1814345E+01  0.2480260E-04
 -0.3320657E+00  0.1616722E+01  0.1647595E-04
 -0.3320657E+00 -0.1616722E+01  0.1647595E-04
 -0.3350577E+00  0.1919831E+01  0.4972595E-04
 -0.3350577E+00 -0.1919831E+01  0.4972595E-04
 -0.3358436E+00  0.1906409E+01  0.2846678E-04
 -0.3358436E+00 -0.1906409E+01  0.2846678E-04
 -0.3445346E+00  0.1696561E+01  0.1361265E-04
 -0.3445346E+00 -0.1696561E+01  0.1361265E-04
 -0.3520178E+00  0.2046619E+01  0.3438581E-04
 -0.3520178E+00 -0.2046619E+01  0.3438581E-04
 -0.3550277E+00  0.2007633E+01  0.1517379E-04
 -0.3550277E+00 -0.2007633E+01  0.1517379E-04
 -0.3554861E+00  0.2181796E+01  0.3225048E-04
 -0.3554861E+00 -0.2181796E+01  0.3225048E-04
 -0.3602075E+00  0.1776007E+01  0.1019429E-04
 -0.3602075E+00 -0.1776007E+01  0.1019429E-04
 -0.3641784E+00  0.2839831E+01  0.3349542E-03
 -0.3641784E+00 -0.2839831E+01  0.3349542E-03
 -0.3688951E+00  0.2310063E+01  0.2373721E-04
 -0.3688951E+00 -0.2310063E+01  0.2373721E-04
 -0.3718605E+00  0.2114108E+01  0.9412045E-05
 -0.3718605E+00 -0.2114108E+01  0.9412045E-05
 -0.3718617E+00  0.1856365E+01  0.8275442E-05
 -0.3718617E+00 -0.1856365E+01  0.8275442E-05
 -0.3773891E+00  0.1937950E+01  0.7582998E-05
 -0.3773891E+00 -0.1937950E+01  0.7582998E-05
 -0.3776796E+00  0.2014428E+01  0.8283516E-05
 -0.3776796E+00 -0.2014428E+01  0.8283516E-05
 -0.3824408E+00  0.2216949E+01  0.6396150E-05
 -0.3824408E+00 -0.2216949E+01  0.6396150E-05
 -0.3840707E+00  0.2094108E+01  0.6302871E-05
 -0.3840707E+00 -0.2094108E+01  0.6302871E-05
 -0.3880222E+00  0.2456663E+01  0.1877986E-04
 -0.3880222E+00 -0.2456663E+01  0.1877986E-04
 -0.3914820E+00  0.2172639E+01  0.4883285E-05
 -0.3914820E+00 -0.2172639E+01  0.4883285E-05
 -0.3925442E+00  0.2312506E+01  0.6074496E-05
 -0.3925442E+00 -0.2312506E+01  0.6074496E-05
 -0.4007567E+00  0.2258613E+01  0.3805330E-05
 -0.4007567E+00 -0.2258613E+01  0.3805330E-05
 -0.4061834E+00  0.2349837E+01  0.4140266E-05
 -0.4061834E+00 -0.2349837E+01  0.4140266E-05
 -0.4076692E+00  0.2437250E+01  0.5554075E-05
 -0.4076692E+00 -0.2437250E+01  0.5554075E-05
 -0.4092778E+00  0.2400325E+01  0.4231375E-05
 -0.4092778E+00 -0.2400325E+01  0.4231375E-05
 -0.4194540E+00  0.2490372E+01  0.4246178E-05
 -0.4194540E+00 -0.2490372E+01  0.4246178E-05
 -0.4218288E+00  0.2529867E+01  0.4151528E-05
 -0.4218288E+00 -0.2529867E+01  0.4151528E-05
 -0.4236432E+00  0.2608084E+01  0.6318547E-05
 -0.4236432E+00 -0.2608084E+01  0.6318547E-05
 -0.4248719E+00  0.2633473E+01  0.6440042E-05
 -0.4248719E+00 -0.2633473E+01  0.6440042E-05
 -0.4270174E+00  0.2569703E+01  0.4433051E-05
 -0.4270174E+00 -0.2569703E+01  0.4433051E-05
 -0.4366723E+00  0.2670208E+01  0.3986776E-05
 -0.4366723E+00 -0.2670208E+01  0.3986776E-05
 -0.4424185E+00  0.2710192E+01  0.3425021E-05
 -0.4424185E+00 -0.2710192E+01  0.3425021E-05
 -0.4463985E+00  0.2753652E+01  0.3230216E-05
 -0.4463985E+00 -0.2753652E+01  0.3230216E-05
 -0.4476197E+00  0.2794106E+01  0.3609184E-05
 -0.4476197E+00 -0.2794106E+01  0.3609184E-05
 -0.4527841E+00  0.2883362E+01  0.4357818E-05
 -0.4527841E+00 -0.2883362E+01  0.4357818E-05
 -0.4532523E+00  0.3126467E+01  0.2115540E-04
 -0.4532523E+00 -0.3126467E+01  0.2115540E-04
 -0.4533063E+00  0.2839784E+01  0.3595708E-05
 -0.4533063E+00 -0.2839784E+01  0.3595708E-05
 -0.4579752E+00  0.3090977E+01  0.1405115E-04
 -0.4579752E+00 -0.3090977E+01  0.1405115E-04
 -0.4598586E+00  0.2924161E+01  0.4399701E-05
 -0.4598586E+00 -0.2924161E+01  0.4399701E-05
 -0.4602441E+00  0.2969783E+01  0.5483308E-05
 -0.4602441E+00 -0.2969783E+01  0.5483308E-05
 -0.4609694E+00  0.3007089E+01  0.7250198E-05
 -0.4609694E+00 -0.3007089E+01  0.7250198E-05
 -0.4631739E+00  0.3050651E+01  0.8568580E-05
 -0.4631739E+00 -0.3050651E+01  0.8568580E-05
 -0.5876503E+00  0.1289580E+01  0.1070094E-01
 -0.5876503E+00 -0.1289580E+01  0.1070094E-01
 -0.8333071E+00  0.0000000E+00  0.1652179E+00
