  0.7386891E+00  0.6972319E+00  0.1797794E-18
  0.7386891E+00 -0.6972319E+00  0.1797794E-18
  0.9999624E+00  0.0000000E+00  0.3702148E-02
  0.9163447E+00  0.0000000E+00  0.4101696E-10
  0.6216892E+00  0.6143720E+00  0.2984509E-09
  0.6216892E+00 -0.6143720E+00  0.2984509E-09
  0.6686995E+00  0.5549959E+00  0.1045154E-08
  0.6686995E+00 -0.5549959E+00  0.1045154E-08
  0.7222059E+00  0.4823630E+00  0.3062563E-08
  0.7222059E+00 -0.4823630E+00  0.3062563E-08
  0.7593840E+00  0.4107388E+00  0.1347205E-07
  0.7593840E+00 -0.4107388E+00  0.1347205E-07
  0.5594643E+00  0.6488692E+00  0.2999762E-08
  0.5594643E+00 -0.6488692E+00  0.2999762E-08
  0.7839738E+00  0.3343345E+00  0.1062939E-06
  0.7839738E+00 -0.3343345E+00  0.1062939E-06
  0.7948397E+00  0.2559682E+00  0.2801816E-05
  0.7948397E+00 -0.2559682E+00  0.2801816E-05
  0.4936638E+00  0.6723862E+00  0.5989759E-07
  0.4936638E+00 -0.6723862E+00  0.5989759E-07
  0.6442537E+00  0.5258996E+00  0.5137679E-06
  0.6442537E+00 -0.5258996E+00  0.5137679E-06
  0.8253991E+00  0.7834248E-01  0.2455698E-04
  0.8253991E+00 -0.7834248E-01  0.2455698E-04
  0.6529335E+00  0.4874829E+00  0.3314362E-03
  0.6529335E+00 -0.4874829E+00  0.3314362E-03
  0.8045159E+00  0.1242573E+00  0.1941712E-04
  0.8045159E+00 -0.1242573E+00  0.1941712E-04
  0.7923225E+00  0.1858923E+00  0.2674168E-04
  0.7923225E+00 -0.1858923E+00  0.2674168E-04
  0.4368499E+00  0.6823843E+00  0.2164481E-03
  0.4368499E+00 -0.6823843E+00  0.2164481E-03
  0.4285378E+00  0.6863101E+00  0.4600897E-05
  0.4285378E+00 -0.6863101E+00  0.4600897E-05
  0.7349202E+00  0.3265554E+00  0.3322691E-03
  0.7349202E+00 -0.3265554E+00  0.3322691E-03
  0.5686190E+00  0.5681942E+00  0.3756557E-03
  0.5686190E+00 -0.5681942E+00  0.3756557E-03
  0.5034578E+00  0.6258965E+00  0.4012070E-03
  0.5034578E+00 -0.6258965E+00  0.4012070E-03
  0.7619773E+00  0.2509842E+00  0.4169977E-03
  0.7619773E+00 -0.2509842E+00  0.4169977E-03
  0.7651539E+00  0.2331648E+00  0.2996717E-03
  0.7651539E+00 -0.2331648E+00  0.2996717E-03
  0.6902714E+00  0.4028326E+00  0.2912547E-03
  0.6902714E+00 -0.4028326E+00  0.2912547E-03
  0.7710986E+00  0.1833325E+00  0.1374684E-03
  0.7710986E+00 -0.1833325E+00  0.1374684E-03
  0.7336571E+00  0.2900073E+00  0.2429923E-03
  0.7336571E+00 -0.2900073E+00  0.2429923E-03
  0.7760528E+00  0.1345650E+00  0.1246787E-03
  0.7760528E+00 -0.1345650E+00  0.1246787E-03
  0.7036001E+00  0.3420127E+00  0.2747606E-03
  0.7036001E+00 -0.3420127E+00  0.2747606E-03
  0.7746365E+00  0.8596733E-01  0.1177799E-03
  0.7746365E+00 -0.8596733E-01  0.1177799E-03
  0.3669269E+00  0.6864040E+00  0.1004604E-04
  0.3669269E+00 -0.6864040E+00  0.1004604E-04
  0.6729809E+00  0.3865226E+00  0.3082108E-03
  0.6729809E+00 -0.3865226E+00  0.3082108E-03
  0.7704755E+00  0.4184820E-01  0.9970827E-04
  0.7704755E+00 -0.4184820E-01  0.9970827E-04
  0.2686874E+00  0.7213671E+00  0.4391756E-04
  0.2686874E+00 -0.7213671E+00  0.4391756E-04
  0.7689319E+00  0.0000000E+00  0.1015887E-03
  0.3356831E+00  0.6899364E+00  0.3083685E-04
  0.3356831E+00 -0.6899364E+00  0.3083685E-04
  0.6320072E+00  0.4246974E+00  0.2869099E-03
  0.6320072E+00 -0.4246974E+00  0.2869099E-03
  0.1936420E+00  0.7363198E+00  0.2676244E-04
  0.1936420E+00 -0.7363198E+00  0.2676244E-04
  0.3217064E+00  0.6897634E+00  0.4626992E-04
  0.3217064E+00 -0.6897634E+00  0.4626992E-04
  0.5693062E+00  0.5012995E+00  0.1527119E-03
  0.5693062E+00 -0.5012995E+00  0.1527119E-03
  0.5280728E+00  0.5441798E+00  0.1148470E-03
  0.5280728E+00 -0.5441798E+00  0.1148470E-03
  0.2814749E+00  0.7032044E+00  0.7999118E-04
  0.2814749E+00 -0.7032044E+00  0.7999118E-04
  0.2446634E+00  0.7160782E+00  0.8850547E-04
  0.2446634E+00 -0.7160782E+00  0.8850547E-04
  0.6010895E+00  0.4582898E+00  0.2582036E-03
  0.6010895E+00 -0.4582898E+00  0.2582036E-03
  0.4820214E+00  0.5820175E+00  0.8258180E-04
  0.4820214E+00 -0.5820175E+00  0.8258180E-04
  0.3835123E+00  0.6506754E+00  0.4671929E-04
  0.3835123E+00 -0.6506754E+00  0.4671929E-04
  0.1189558E+00  0.7448318E+00  0.1808867E-04
  0.1189558E+00 -0.7448318E+00  0.1808867E-04
  0.4327597E+00  0.6168364E+00  0.5937803E-04
  0.4327597E+00 -0.6168364E+00  0.5937803E-04
  0.1638945E+00  0.7335079E+00  0.7573853E-04
  0.1638945E+00 -0.7335079E+00  0.7573853E-04
  0.2113211E+00  0.7199299E+00  0.6484444E-04
  0.2113211E+00 -0.7199299E+00  0.6484444E-04
  0.7195530E-01  0.7466124E+00  0.8339866E-04
  0.7195530E-01 -0.7466124E+00  0.8339866E-04
  0.1467744E+00  0.7332466E+00  0.6264605E-04
  0.1467744E+00 -0.7332466E+00  0.6264605E-04
  0.4423263E-01  0.7449992E+00  0.1566958E-04
  0.4423263E-01 -0.7449992E+00  0.1566958E-04
 -0.8545080E-02  0.7457624E+00  0.8358902E-04
 -0.8545080E-02 -0.7457624E+00  0.8358902E-04
 -0.9036493E-01  0.7326965E+00  0.7628558E-04
 -0.9036493E-01 -0.7326965E+00  0.7628558E-04
 -0.2969807E-01  0.7367612E+00  0.1645941E-04
 -0.2969807E-01 -0.7367612E+00  0.1645941E-04
  0.9258208E-01  0.7299334E+00  0.3429456E-04
  0.9258208E-01 -0.7299334E+00  0.3429456E-04
 -0.1030661E+00  0.7214587E+00  0.1849880E-04
 -0.1030661E+00 -0.7214587E+00  0.1849880E-04
 -0.1674547E+00  0.7090356E+00  0.6593277E-04
 -0.1674547E+00 -0.7090356E+00  0.6593277E-04
  0.2816173E-01  0.7250943E+00  0.2152767E-04
  0.2816173E-01 -0.7250943E+00  0.2152767E-04
 -0.1740829E+00  0.7005880E+00  0.2480260E-04
 -0.1740829E+00 -0.7005880E+00  0.2480260E-04
 -0.3293709E-01  0.7166837E+00  0.1647595E-04
 -0.3293709E-01 -0.7166837E+00  0.1647595E-04
 -0.2446251E+00  0.6721667E+00  0.4972595E-04
 -0.2446251E+00 -0.6721667E+00  0.4972595E-04
 -0.2353963E+00  0.6748589E+00  0.2846678E-04
 -0.2353963E+00 -0.6748589E+00  0.2846678E-04
 -0.8887602E-01  0.7029539E+00  0.1361265E-04
 -0.8887602E-01 -0.7029539E+00  0.1361265E-04
 -0.3221456E+00  0.6251460E+00  0.3438581E-04
 -0.3221456E+00 -0.6251460E+00  0.3438581E-04
 -0.2966410E+00  0.6353118E+00  0.1517379E-04
 -0.2966410E+00 -0.6353118E+00  0.1517379E-04
 -0.4020585E+00  0.5740343E+00  0.3225048E-04
 -0.4020585E+00 -0.5740343E+00  0.3225048E-04
 -0.1421386E+00  0.6828960E+00  0.1019429E-04
 -0.1421386E+00 -0.6828960E+00  0.1019429E-04
 -0.6633739E+00  0.2064865E+00  0.3349542E-03
 -0.6633739E+00 -0.2064865E+00  0.3349542E-03
 -0.4658942E+00  0.5109912E+00  0.2373721E-04
 -0.4658942E+00 -0.5109912E+00  0.2373721E-04
 -0.3564277E+00  0.5901705E+00  0.9412045E-05
 -0.3564277E+00 -0.5901705E+00  0.9412045E-05
 -0.1942202E+00  0.6615280E+00  0.8275442E-05
 -0.1942202E+00 -0.6615280E+00  0.8275442E-05
 -0.2461206E+00  0.6399528E+00  0.7582998E-05
 -0.2461206E+00 -0.6399528E+00  0.7582998E-05
 -0.2942107E+00  0.6190976E+00  0.8283516E-05
 -0.2942107E+00 -0.6190976E+00  0.8283516E-05
 -0.4107622E+00  0.5446682E+00  0.6396150E-05
 -0.4107622E+00 -0.5446682E+00  0.6396150E-05
 -0.3403722E+00  0.5899332E+00  0.6302871E-05
 -0.3403722E+00 -0.5899332E+00  0.6302871E-05
 -0.5253938E+00  0.4291669E+00  0.1877986E-04
 -0.5253938E+00 -0.4291669E+00  0.1877986E-04
 -0.3827565E+00  0.5572672E+00  0.4883285E-05
 -0.3827565E+00 -0.5572672E+00  0.4883285E-05
 -0.4562232E+00  0.4979355E+00  0.6074496E-05
 -0.4562232E+00 -0.4979355E+00  0.6074496E-05
 -0.4252317E+00  0.5175205E+00  0.3805330E-05
 -0.4252317E+00 -0.5175205E+00  0.3805330E-05
 -0.4680620E+00  0.4740511E+00  0.4140266E-05
 -0.4680620E+00 -0.4740511E+00  0.4140266E-05
 -0.5069066E+00  0.4307381E+00  0.5554075E-05
 -0.5069066E+00 -0.4307381E+00  0.5554075E-05
 -0.4898710E+00  0.4484358E+00  0.4231375E-05
 -0.4898710E+00 -0.4484358E+00  0.4231375E-05
 -0.5228640E+00  0.3984915E+00  0.4246178E-05
 -0.5228640E+00 -0.3984915E+00  0.4246178E-05
 -0.5369142E+00  0.3766398E+00  0.4151528E-05
 -0.5369142E+00 -0.3766398E+00  0.4151528E-05
 -0.5636784E+00  0.3329309E+00  0.6318547E-05
 -0.5636784E+00 -0.3329309E+00  0.6318547E-05
 -0.5712462E+00  0.3181229E+00  0.6440042E-05
 -0.5712462E+00 -0.3181229E+00  0.6440042E-05
 -0.5486340E+00  0.3531213E+00  0.4433051E-05
 -0.5486340E+00 -0.3531213E+00  0.4433051E-05
 -0.5757106E+00  0.2934450E+00  0.3986776E-05
 -0.5757106E+00 -0.2934450E+00  0.3986776E-05
 -0.5836174E+00  0.2686489E+00  0.3425021E-05
 -0.5836174E+00 -0.2686489E+00  0.3425021E-05
 -0.5923755E+00  0.2420744E+00  0.3230216E-05
 -0.5923755E+00 -0.2420744E+00  0.3230216E-05
 -0.6009468E+00  0.2176527E+00  0.3609184E-05
 -0.6009468E+00 -0.2176527E+00  0.3609184E-05
 -0.6147725E+00  0.1623787E+00  0.4357818E-05
 -0.6147725E+00 -0.1623787E+00  0.4357818E-05
 -0.6354850E+00  0.9612984E-02  0.2115540E-04
 -0.6354850E+00 -0.9612984E-02  0.2115540E-04
 -0.6067980E+00  0.1889081E+00  0.3595708E-05
 -0.6067980E+00 -0.1889081E+00  0.3595708E-05
 -0.6317531E+00  0.3200411E-01  0.1405115E-04
 -0.6317531E+00 -0.3200411E-01  0.1405115E-04
 -0.6165071E+00  0.1362010E+00  0.4399701E-05
 -0.6165071E+00 -0.1362010E+00  0.4399701E-05
 -0.6218374E+00  0.1079016E+00  0.5483308E-05
 -0.6218374E+00 -0.1079016E+00  0.5483308E-05
 -0.6249758E+00  0.8457189E-01  0.7250198E-05
 -0.6249758E+00 -0.8457189E-01  0.7250198E-05
 -0.6266828E+00  0.5714914E-01  0.8568580E-05
 -0.6266828E+00 -0.5714914E-01  0.8568580E-05
  0.1542012E+00  0.5338053E+00  0.1070094E-01
  0.1542012E+00 -0.5338053E+00  0.1070094E-01
  0.4346096E+00  0.0000000E+00  0.1652179E+00
